[2024-11-01 00:00:11] ,2,12.714,423.06,-48.281,29.851,434.396,-2.556,

[2024-11-01 00:00:28] ,4,-5.608,446.457,-134.284,54.501,468.141,143.334,

[2024-11-01 00:00:43] ,4,63.728,452.455,-102.2,37.298,480.73,-97.628,

[2024-11-01 00:00:55] ,2,19.107,466.164,-165.719,47.976,499.844,71.727,

[2024-11-01 00:01:10] ,4,42.703,493.714,-6.116,2.432,527.855,101.411,

[2024-11-01 00:01:31] ,4,-9.299,499.053,-39.218,16.076,512.696,9.293,

[2024-11-01 00:08:11] ,2,23.194,438.087,16.504,50.019,459.969,60.505,

[2024-11-01 00:08:28] ,2,57.598,450.346,88.977,13.835,462.473,107.475,

[2024-11-01 00:08:32] ,2,55.292,454.169,144.758,14.164,460.694,129.218,

[2024-11-01 00:08:43] ,3,68.473,477.369,-49.606,2.169,497.932,-85.047,

[2024-11-01 00:08:48] ,4,78.689,485.937,-48.24,-1.522,508.741,-87.328,

[2024-11-01 00:08:53] ,4,71.439,499.448,-33.797,-1.522,508.741,-87.328,

[2024-11-01 00:08:58] ,4,71.439,499.448,-33.797,-6.465,501.953,-83.871,

[2024-11-01 00:09:01] ,4,71.439,499.448,-33.797,-6.004,511.378,-81.167,

[2024-11-01 00:09:03] ,4,71.439,499.448,-33.797,-6.004,511.378,-81.167,

[2024-11-01 00:09:06] ,4,63.53,508.741,-34.114,-6.004,511.378,-81.167,

[2024-11-01 00:09:09] ,4,72.23,505.512,-29.316,-6.004,511.378,-81.167,

[2024-11-01 00:09:12] ,4,72.098,508.939,-25.877,-6.004,511.378,-81.167,

[2024-11-01 00:09:16] ,4,72.098,508.939,-25.877,-6.004,511.378,-81.167,

[2024-11-01 00:09:17] ,4,72.098,508.939,-25.877,-6.004,511.378,-81.167,

[2024-11-01 00:09:18] ,4,72.098,508.939,-25.877,-6.004,511.378,-81.167,

[2024-11-01 00:09:20] ,4,72.098,508.939,-25.877,-6.004,511.378,-81.167,

[2024-11-01 00:09:24] ,4,-6.004,511.378,-81.167,53.314,512.169,-75.59,

[2024-11-01 00:09:28] ,4,-6.004,511.378,-81.167,42.505,512.366,88.078,

[2024-11-01 00:09:38] ,4,3.817,511.048,-80.727,42.505,512.366,88.078,

[2024-11-01 00:09:43] ,4,3.817,511.048,-80.727,46.855,517.705,3.073,

[2024-11-01 00:09:48] ,4,13.637,509.137,-81.924,61.751,514.014,3.84,

[2024-11-01 00:09:51] ,4,13.637,509.137,-81.924,68.012,512.169,10.098,

[2024-11-01 00:09:57] ,4,13.637,509.137,-81.924,71.769,511.114,2.306,

[2024-11-01 00:10:02] ,4,75.262,473.085,-2.672,13.637,509.137,-81.924,

[2024-11-01 00:10:04] ,4,75.262,473.085,-2.672,-9.431,492.264,-86.566,

[2024-11-01 00:10:07] ,4,-8.442,469.657,-82.355,75.262,473.085,-2.672,

[2024-11-01 00:10:10] ,4,-9.563,439.735,-78.092,75.262,473.085,-2.672,

[2024-11-01 00:10:12] ,4,-9.563,439.735,-78.092,76.053,450.741,-4.574,

[2024-11-01 00:10:15] ,4,-11.738,422.532,-81.545,72.296,426.025,-4.222,

[2024-11-01 00:10:23] ,4,-1.654,418.182,-78.766,72.296,426.025,-4.222,

[2024-11-01 00:10:26] ,4,-1.654,418.182,-78.766,62.871,418.512,15.154,

[2024-11-01 00:10:43] ,4,10.012,412.053,-76.057,50.282,415.744,6.509,

[2024-11-01 00:10:45] ,4,10.012,412.053,-76.057,50.282,415.81,6.888,

[2024-11-01 00:10:49] ,4,52.128,409.482,6.888,10.012,412.053,-76.057,

[2024-11-01 00:10:52] ,4,64.123,410.998,10.408,10.012,412.053,-76.057,

[2024-11-01 00:10:55] ,4,10.012,412.053,-76.057,69.857,413.371,12.736,

[2024-11-01 00:10:58] ,4,10.012,412.053,-76.057,67.287,424.114,10.03,

[2024-11-01 00:11:02] ,4,8.167,444.744,-80.85,51.403,449.687,3.814,

[2024-11-01 00:11:05] ,4,26.094,449.555,-80.91,66.826,450.346,0,

[2024-11-01 00:11:08] ,4,64.717,465.307,-10.339,22.535,475.655,-83.157,

[2024-11-01 00:11:12] ,4,70.121,480.466,-12.736,29.126,488.507,-83.951,

[2024-11-01 00:11:16] ,4,53.38,461.419,-11.459,4.344,484.882,-83.157,

[2024-11-01 00:11:19] ,4,13.242,463.066,-83.577,41.055,490.353,-11.908,

[2024-11-01 00:11:23] ,4,13.242,463.066,-83.577,41.055,490.419,-12.281,

[2024-11-01 00:11:24] ,4,13.242,463.066,-83.577,41.055,490.419,-12.281,

[2024-11-01 00:11:25] ,4,13.242,463.066,-83.577,41.055,490.419,-12.281,

[2024-11-01 00:11:26] ,4,13.242,463.066,-83.577,41.055,490.353,-11.908,

[2024-11-01 00:11:27] ,4,13.242,463.066,-83.577,41.055,490.353,-11.908,

[2024-11-01 00:11:28] ,4,13.242,463.066,-83.577,41.055,490.419,-12.281,

[2024-11-01 00:11:29] ,4,13.242,463.066,-83.577,41.055,490.419,-12.281,

[2024-11-01 00:11:30] ,4,13.242,463.066,-83.577,41.055,490.353,-11.908,

[2024-11-01 00:11:31] ,4,13.242,463.066,-83.577,41.055,490.419,-12.281,

[2024-11-01 00:11:32] ,4,13.242,463.066,-83.577,41.055,490.353,-11.908,

[2024-11-01 00:11:33] ,4,13.242,463.066,-83.577,41.055,490.353,-11.908,

[2024-11-01 00:11:34] ,4,13.242,463,-83.534,41.055,490.353,-11.908,

[2024-11-01 00:11:35] ,4,13.242,463.066,-83.577,41.055,490.353,-11.908,

[2024-11-01 00:11:35] ,4,13.242,463.066,-83.577,41.055,490.419,-12.281,

[2024-11-01 00:11:36] ,4,13.242,463.066,-83.577,41.055,490.353,-11.908,

[2024-11-01 00:11:37] ,4,13.242,463.066,-83.577,41.055,490.419,-12.281,

[2024-11-01 00:11:38] ,4,13.242,463.066,-83.577,41.055,490.353,-11.908,

[2024-11-01 00:11:38] ,4,13.242,463.066,-83.577,41.055,490.419,-12.281,

[2024-11-01 00:11:39] ,4,13.242,463.066,-83.577,41.055,490.419,-12.281,

[2024-11-01 00:11:40] ,4,13.242,463.066,-83.577,41.055,490.419,-12.281,

[2024-11-01 00:11:41] ,4,13.242,463.066,-83.577,41.055,490.353,-11.908,

[2024-11-01 00:11:42] ,4,13.242,463.066,-83.577,41.055,490.419,-12.281,

[2024-11-01 00:11:43] ,4,13.242,463.066,-83.577,41.055,490.353,-11.908,

[2024-11-01 00:11:44] ,4,13.242,463.066,-83.577,41.055,490.353,-11.908,

[2024-11-01 00:11:45] ,4,13.242,463.066,-83.577,41.055,490.419,-12.281,

[2024-11-01 00:11:46] ,4,13.242,463.066,-83.577,41.055,490.419,-12.281,

[2024-11-01 00:11:47] ,4,13.242,463.066,-83.577,41.055,490.353,-11.908,

[2024-11-01 00:11:48] ,4,13.242,463.066,-83.577,41.055,490.353,-11.908,

[2024-11-01 00:11:49] ,4,13.242,463.066,-83.577,41.055,490.419,-12.281,

[2024-11-01 00:11:50] ,4,13.242,463.066,-83.577,41.055,490.353,-11.908,

[2024-11-01 00:11:51] ,4,13.242,463.066,-83.577,41.055,490.353,-11.908,

[2024-11-01 00:11:52] ,4,13.242,463.066,-83.577,41.055,490.419,-12.281,

[2024-11-01 00:11:53] ,4,13.242,463.066,-83.577,41.055,490.353,-11.908,

[2024-11-01 00:11:54] ,4,13.242,463.066,-83.577,41.055,490.419,-12.281,

[2024-11-01 00:11:55] ,4,13.242,463.066,-83.577,41.055,490.353,-11.908,

[2024-11-01 00:11:56] ,4,13.242,463.066,-83.577,41.055,490.353,-11.908,

[2024-11-01 00:11:57] ,4,13.242,463.066,-83.577,41.055,490.353,-11.908,

[2024-11-01 00:11:58] ,4,13.242,463.066,-83.577,41.055,490.353,-11.908,

[2024-11-01 00:11:59] ,4,13.242,463.066,-83.577,41.055,490.419,-12.281,

[2024-11-01 00:12:00] ,4,13.242,463.066,-83.577,41.055,490.419,-12.281,

[2024-11-01 00:12:00] ,4,13.242,463.066,-83.577,41.055,490.419,-12.281,

[2024-11-01 00:12:01] ,4,13.242,463.066,-83.577,41.055,490.419,-12.281,

[2024-11-01 00:12:02] ,4,13.242,463.066,-83.577,41.055,490.419,-12.281,

[2024-11-01 00:12:03] ,4,13.242,463.066,-83.577,41.055,490.353,-11.908,

[2024-11-01 00:12:04] ,4,13.242,463.066,-83.577,41.055,490.353,-11.908,

[2024-11-01 00:12:05] ,4,13.307,463.066,-83.951,41.055,490.353,-11.908,

[2024-11-01 00:12:06] ,4,13.242,463.066,-83.577,41.055,490.353,-11.908,

[2024-11-01 00:12:07] ,4,13.242,463.066,-83.577,41.055,490.419,-12.281,

[2024-11-01 00:12:08] ,4,13.242,463.066,-83.577,41.055,490.353,-11.908,

[2024-11-01 00:12:08] ,4,13.242,463.066,-83.577,41.055,490.419,-12.281,

[2024-11-01 00:12:09] ,4,13.242,463.066,-83.577,41.055,490.419,-12.281,

[2024-11-01 00:12:10] ,4,13.242,463.066,-83.577,41.055,490.353,-11.908,

[2024-11-01 00:12:11] ,4,13.242,463.066,-83.577,41.055,490.419,-12.281,

[2024-11-01 00:12:12] ,4,13.242,463.066,-83.577,41.055,490.353,-11.908,

[2024-11-01 00:12:13] ,4,13.242,463.066,-83.577,41.055,490.419,-12.281,

[2024-11-01 00:12:16] ,4,-2.313,478.95,13.761,41.055,490.353,-11.908,

[2024-11-01 00:12:17] ,4,-2.313,478.885,14.128,41.055,490.419,-12.281,

[2024-11-01 00:12:18] ,4,-2.313,478.95,13.761,41.055,490.353,-11.908,

[2024-11-01 00:12:19] ,4,-2.313,478.885,14.128,41.055,490.353,-11.908,

[2024-11-01 00:12:20] ,4,-2.313,478.95,13.761,41.055,490.353,-11.908,

[2024-11-01 00:12:21] ,4,-2.313,478.885,14.128,41.055,490.353,-11.908,

[2024-11-01 00:12:24] ,4,47.91,485.607,-35.272,4.739,486.135,38.837,

[2024-11-01 00:12:25] ,4,47.91,485.607,-35.272,4.739,486.069,38.541,

[2024-11-01 00:12:26] ,4,47.91,485.607,-35.272,4.739,486.069,38.541,

[2024-11-01 00:12:27] ,4,47.91,485.607,-35.272,4.739,486.135,38.837,

[2024-11-01 00:12:27] ,4,47.91,485.607,-35.272,4.739,486.069,38.541,

[2024-11-01 00:12:28] ,4,47.91,485.607,-35.272,4.739,486.135,38.837,

[2024-11-01 00:12:29] ,4,47.91,485.607,-35.272,4.739,486.135,38.837,

[2024-11-01 00:12:41] ,4,47.91,485.607,-35.272,4.739,486.069,38.541,

[2024-11-01 00:14:41] ,1,0.455,409.351,-39.542,27.61,410.537,70.105,

[2024-11-01 00:14:47] ,1,0.455,409.351,-39.542,27.61,410.537,70.105,

[2024-11-01 00:15:56] ,1,0.389,409.416,-40.267,69.462,416.205,22.38,

[2024-11-01 00:16:26] ,1,0.389,409.351,-39.936,69.594,416.271,22.184,

[2024-11-01 00:16:32] ,1,0.389,409.416,-40.267,69.594,416.271,22.184,

[2024-11-01 00:17:33] ,4,69.462,416.205,21.991,50.546,422.664,-79.786,

[2024-11-01 00:17:47] ,2,10.671,464.846,-52.125,36.639,465.307,-17.324,

[2024-11-01 00:18:06] ,1,69.528,416.139,21.705,-8.179,431.694,-31.405,

[2024-11-01 00:18:24] ,2,-1.654,491.671,126.973,56.017,495.098,19.895,

[2024-11-01 00:18:45] ,4,4.278,426.421,-19.885,37.628,457.596,-44.731,

[2024-11-01 00:20:41] ,3,8.232,430.507,24.001,44.021,435.846,70.602,

[2024-11-01 00:20:55] ,3,18.91,454.3,-16.88,30.642,471.635,-39.661,

[2024-11-01 00:22:35] ,4,11.594,436.008,-11.086,47.317,444.708,24.538,

[2024-11-01 00:24:06] ,3,11.594,436.008,-11.086,52.985,436.403,-39.316,

[2024-11-01 00:24:24] ,3,5.398,468.172,-27.245,31.432,474.828,15.222,

[2024-11-01 00:24:41] ,2,35.848,413.994,1.032,63.596,481.815,-70.105,

[2024-11-01 00:24:59] ,1,22.996,398.835,87.421,-4.752,408.129,-10.305,

[2024-11-01 00:25:19] ,1,88.246,433.965,7.765,17.064,506.465,-58.595,

[2024-11-01 10:06:52] ,4,-3.763,487.088,-81.798,3.026,513.583,-117.951,

[2024-11-01 10:07:04] ,1,53.644,490.251,-13.536,-4.554,490.581,43.55,

[2024-11-01 10:07:27] ,4,52.031,469.724,-41.317,89.564,487.615,54.058,

[2024-11-01 10:09:53] ,2,43.626,404.701,92.083,35.189,415.906,75.466,

[2024-11-01 10:10:07] ,2,-8.97,423.683,-37.694,68.935,486.363,-84.391,

[2024-11-01 10:10:24] ,4,48.635,434.492,-12.362,64.651,455.385,33.584,

[2024-11-01 10:10:38] ,4,33.278,505.015,27.022,65.903,519.185,26.796,

[2024-11-01 10:10:49] ,2,25.369,454.66,129.611,43.757,519.647,-106.798,

[2024-11-01 10:11:05] ,4,81.787,506.267,52.125,73.614,521.492,55.134,

[2024-11-01 10:11:19] ,1,53.182,436.997,49.733,11.792,451.167,-67.73,

[2024-11-01 10:11:34] ,1,-3.697,428.165,-76.464,39.869,519.449,-68.295,

[2024-11-01 10:11:52] ,4,-8.772,478.981,8.707,87.785,504.949,-106.302,

[2024-11-01 10:12:06] ,2,-11.211,446.026,-84.391,15.812,472.983,-39.289,

[2024-11-01 10:12:21] ,4,28.401,500.797,76.519,71.176,509.233,-0.774,

[2024-11-01 10:12:35] ,2,0.455,465.667,-135,62.014,509.233,-167.978,

[2024-11-01 10:12:50] ,3,24.314,479.772,-10.271,14.494,514.242,-24.507,

[2024-11-01 10:13:10] ,3,29.587,480.76,66.153,62.146,501.587,-43.1,

[2024-11-01 10:13:33] ,1,40.857,410.567,24.487,-0.797,499.281,37.381,

[2024-11-01 10:13:50] ,1,-12.397,472.917,69.8,37.43,490.581,-33.69,

[2024-11-01 10:14:08] ,1,1.312,439.501,11.31,53.71,473.049,11.706,

[2024-11-01 10:14:25] ,2,16.867,425.265,100.305,69.726,425.397,81.724,

[2024-11-01 10:14:41] ,4,27.478,468.369,165.231,68.21,505.476,-118.652,

[2024-11-01 10:14:57] ,4,70.714,465.338,-69.265,70.846,499.083,-9.273,

[2024-11-01 10:15:08] ,3,6.453,491.635,4.194,62.212,514.044,49.65,

[2024-11-01 10:15:24] ,1,57.664,414.324,-52.619,39.539,426.056,88.977,

[2024-11-01 10:15:48] ,1,22.535,434.36,-82.875,57.137,446.422,-17.14,

[2024-11-01 10:16:06] ,1,41.253,451.76,45,23.523,458.681,-81.444,

[2024-11-01 10:16:23] ,1,3.421,424.869,53.746,55.226,431.46,57.45,

[2024-11-01 10:16:40] ,1,50.019,421.706,74.338,46.526,479.442,-59.381,

[2024-11-01 10:16:57] ,2,62.607,407.206,78.486,87.982,447.278,-100.397,

[2024-11-01 10:17:14] ,1,30.378,403.844,-62.745,80.666,457.89,-59.3,

[2024-11-01 10:17:30] ,1,79.085,470.281,17.628,-1.258,475.817,-4.554,

[2024-11-01 10:17:47] ,2,35.189,411.094,-106.302,40.857,433.767,-7.189,

[2024-11-01 10:18:03] ,2,51.535,471.731,-26.338,65.705,471.994,162.86,

[2024-11-01 10:18:21] ,1,-5.081,498.49,69.624,10.539,505.872,51.9,

[2024-11-01 10:18:38] ,2,40.792,456.374,44.64,53.973,478.058,135,

[2024-11-01 10:18:54] ,4,35.651,432.844,48.778,44.482,459.01,0,

[2024-11-01 10:19:10] ,1,9.748,457.56,63.886,-9.827,477.597,-10.808,

[2024-11-01 10:19:24] ,4,85.544,452.156,-7.696,67.221,488.406,-65.493,

[2024-11-01 10:19:39] ,2,5.596,429.088,-101.411,15.285,503.565,16.798,

[2024-11-01 10:19:56] ,4,1.114,518.856,-38.179,45.603,519.515,-49.899,

[2024-11-01 10:20:17] ,2,-2.774,427.901,138.621,71.637,481.156,-106.65,

[2024-11-01 10:20:32] ,4,-4.224,464.942,-82.875,48.371,486.428,19.722,

[2024-11-01 10:20:46] ,2,6.914,445.763,42.101,35.585,507.915,32.55,

[2024-11-01 10:21:03] ,2,-7.783,489.328,63.435,7.31,506.069,-145.597,

[2024-11-01 10:21:21] ,1,28.664,430.735,-82.304,13.307,499.544,-85.406,

[2024-11-01 10:21:45] ,1,13.769,405.888,-75.336,19.371,484.451,7.125,

[2024-11-01 10:22:02] ,2,-12.133,414.522,-44.635,59.51,429.549,132.101,

[2024-11-01 10:22:19] ,2,35.651,496.908,42.101,12.451,497.962,100.713,

[2024-11-01 10:22:35] ,1,5.992,414.39,24.955,-10.815,417.949,-59.3,

[2024-11-01 10:22:52] ,1,88.839,477.663,-52.716,88.246,496.183,-54.28,

[2024-11-01 10:23:10] ,4,21.348,482.408,-56.099,-5.081,504.224,-0.769,

[2024-11-01 10:23:23] ,4,30.839,408.129,-35.181,54.105,499.94,52.595,

[2024-11-01 10:23:35] ,4,-4.158,455.451,-175.406,66.166,463.426,65.26,

[2024-11-01 10:23:49] ,1,25.962,448.333,49.289,57.071,502.115,-61.144,

[2024-11-01 10:24:06] ,4,1.905,486.165,21.943,26.753,520.042,86.135,

[2024-11-01 10:24:28] ,1,-12.924,457.89,59.816,5.069,517.603,73.843,

[2024-11-01 10:24:43] ,1,-7.388,437.59,-28.61,40.923,462.965,-28.811,

[2024-11-01 10:25:00] ,1,55.292,481.419,82.937,68.276,482.474,13.299,

[2024-11-01 10:25:18] ,1,-11.079,468.435,59.3,63.003,503.301,26.565,

[2024-11-01 10:25:35] ,2,20.953,424.144,79.192,51.073,431.46,168.19,

[2024-11-01 10:25:52] ,1,15.68,503.433,-77.692,24.314,518.526,89.484,

[2024-11-01 10:26:10] ,4,60.96,422.101,127.381,76.58,518.46,78.486,

[2024-11-01 10:26:24] ,2,30.642,469.49,62.312,48.832,483.067,13.912,

[2024-11-01 10:26:40] ,3,-5.542,420.981,24.158,30.51,435.678,-61.056,

[2024-11-01 10:26:56] ,3,44.482,486.297,51.163,6.585,489.724,-42.839,

[2024-11-01 10:27:14] ,1,-5.938,488.538,82.875,74.076,513.385,-9.377,

[2024-11-01 10:27:31] ,2,39.078,412.149,145.305,56.412,474.433,79.695,

[2024-11-01 10:27:48] ,2,71.505,491.503,-62.745,38.221,496.249,-162.372,

[2024-11-01 10:28:13] ,1,-11.936,408.524,-83.83,26.357,415.379,-90,

[2024-11-01 10:28:30] ,1,-13.913,406.81,32.115,20.162,443.653,-56.17,

[2024-11-01 10:28:48] ,1,34.003,414.917,82.235,28.73,432.185,-35.952,

[2024-11-01 10:36:52] ,1,55.687,438.315,41.76,29.06,447.278,-18.911,

[2024-11-01 10:36:59] ,1,52.589,428.363,-69.8,57.862,505.015,-80.707,

[2024-11-01 10:37:10] ,1,-6.399,408.129,81.649,85.28,450.969,41.379,

[2024-11-01 10:37:25] ,1,-7.322,499.412,42.101,21.744,518.592,47.175,

[2024-11-01 10:37:40] ,2,85.346,428.56,-22.859,56.017,449.322,19.895,

[2024-11-01 10:37:55] ,2,50.612,456.44,-103.791,14.494,499.874,36.254,

[2024-11-01 10:38:10] ,2,90.685,492.228,-152.969,5.794,510.222,-146.31,

[2024-11-01 10:38:25] ,4,26.489,415.84,-15.893,54.896,468.765,-13.761,

[2024-11-01 10:38:40] ,2,42.044,431.988,86.934,67.616,447.608,133.905,

[2024-11-01 10:38:51] ,4,33.607,468.303,39.903,55.292,487.681,60.871,

[2024-11-01 10:39:06] ,1,0.126,489.46,-37.073,-10.947,519.185,-47.553,

[2024-11-01 10:39:17] ,4,13.571,431.131,82.355,65.31,460.526,62.58,

[2024-11-01 10:39:33] ,4,24.644,464.81,45.535,-0.797,484.715,17.716,

[2024-11-01 10:39:44] ,2,20.623,431.988,-93.094,68.737,514.176,34.695,

[2024-11-01 10:39:59] ,4,68.935,489.394,-51.821,30.378,513.187,55.134,

[2024-11-01 10:40:20] ,1,17.262,401.208,25.866,-5.608,418.476,59.56,

[2024-11-01 10:40:31] ,1,55.687,432.119,1.534,38.946,462.306,9.628,

[2024-11-01 10:40:46] ,1,46.394,412.215,-8.276,-10.354,440.16,-29.302,

[2024-11-01 10:41:00] ,1,-4.686,447.674,-38.1,61.553,471.928,73.496,

[2024-11-01 10:41:16] ,1,14.032,468.567,32.705,46.064,469.292,-68.199,

[2024-11-01 10:41:31] ,2,-1.522,401.669,16.302,65.244,418.279,-173.774,

[2024-11-01 10:41:46] ,1,53.314,475.949,-68.671,74.866,498.358,55.597,

[2024-11-01 10:42:01] ,1,-0.797,484.978,8.13,45.801,519.383,-42.447,

[2024-11-01 10:42:16] ,2,44.153,402.526,38.012,21.085,453.078,42.825,

[2024-11-01 10:42:29] ,4,18.844,453.935,-38.243,78.755,477.663,-14.315,

[2024-11-01 10:42:44] ,2,76.844,445.103,81.215,-0.929,517.603,60.191,

[2024-11-01 10:42:55] ,4,56.148,460.922,45.269,33.739,505.41,1.528,

[2024-11-01 10:43:10] ,1,25.435,437.59,-62.978,53.051,522.81,-25.174,

[2024-11-01 10:43:21] ,1,69.923,449.585,56.739,34.332,497.699,-12.918,

[2024-11-01 10:43:36] ,4,40.462,486.297,-70.602,4.805,521.36,9.273,

[2024-11-01 10:43:55] ,2,-4.29,431.658,135,55.357,497.172,-180,

[2024-11-01 10:44:14] ,1,10.869,399.099,12.918,3.421,423.222,84.391,

[2024-11-01 10:44:28] ,1,0.257,450.113,-14.407,-7.52,466.458,-62.978,

[2024-11-01 10:44:43] ,1,-4.752,459.603,-20.854,11.989,465.14,30.877,

[2024-11-01 10:44:57] ,1,18.251,450.047,-68.199,64.189,458.351,55.176,

[2024-11-01 10:45:12] ,1,70.187,497.435,47.899,37.364,518.526,71.565,

[2024-11-01 10:45:27] ,2,2.762,403.713,-95.711,57.532,439.633,-9.8,

[2024-11-01 10:45:43] ,2,51.93,461.251,81.87,70.912,473.774,50.856,

[2024-11-01 10:45:57] ,2,-8.179,441.413,105.03,15.219,503.433,153.895,

[2024-11-01 10:46:11] ,1,15.153,439.765,37.073,-5.806,447.608,-14.407,

[2024-11-01 10:46:26] ,1,22.007,488.999,-2.027,80.996,493.612,-39.872,

[2024-11-01 10:46:41] ,2,-1.852,416.96,88.958,55.555,438.183,54.048,

[2024-11-01 10:46:56] ,2,11.66,473.84,-32.705,18.053,486.363,32.276,

[2024-11-01 10:47:10] ,2,-5.477,513.122,-47.899,31.037,517.076,-149.036,

[2024-11-01 10:47:33] ,2,-3.829,417.619,80.707,21.876,420.058,-71.727,

[2024-11-01 10:47:46] ,1,51.205,432.778,-75.593,-4.027,485.769,31.574,

[2024-11-01 10:48:01] ,2,3.223,402.658,45.735,57.598,416.433,-81.724,

[2024-11-01 10:48:16] ,1,67.485,475.158,-11.411,22.535,515.956,87.955,

[2024-11-01 10:48:31] ,2,10.737,433.965,4.594,60.498,446.751,78.69,

[2024-11-01 10:48:46] ,4,24.907,463.69,-56.519,58.917,479.244,29.982,

[2024-11-01 10:49:03] ,1,6.387,451.167,-22.27,3.487,510.551,54.881,

[2024-11-01 10:49:16] ,4,89.63,489.526,64.134,-9.761,494.865,-68.908,

[2024-11-01 10:49:30] ,2,62.607,418.674,29.358,20.096,432.647,-62.289,

[2024-11-01 10:49:41] ,2,29.455,477.069,-114.986,8.957,483.001,-167.692,

[2024-11-01 10:49:57] ,2,-13.781,417.949,169.095,-6.399,511.144,128.418,

[2024-11-01 10:50:14] ,2,1.312,481.156,0,58.982,505.608,-62.745,

[2024-11-01 10:50:30] ,4,15.548,458.153,50.631,30.839,521.492,-41.186,

[2024-11-01 10:50:52] ,1,10.012,409.974,25.641,41.451,416.235,-35.538,

[2024-11-01 10:51:03] ,1,-6.663,439.765,-57.724,46.064,464.217,48.576,

[2024-11-01 10:51:18] ,1,18.185,446.026,51.103,80.139,481.551,66.666,

[2024-11-01 10:51:33] ,1,0.126,429.022,22.184,-12.002,438.974,-47.175,

[2024-11-01 10:51:47] ,1,21.546,473.313,20.026,3.355,487.417,60.945,

[2024-11-01 10:52:02] ,1,66.166,465.535,-3.039,-12.067,484.583,60.001,

[2024-11-01 10:52:17] ,1,-1.522,442.269,81.798,-6.927,505.212,54.462,

[2024-11-01 10:52:31] ,2,59.707,408.788,-31.675,50.546,421.904,-56.739,

[2024-11-01 10:52:45] ,1,10.078,520.767,85.365,57.467,521.624,-50.856,

[2024-11-01 10:53:01] ,2,40.067,438.974,155.726,58.785,447.081,117.022,

[2024-11-01 10:53:15] ,2,65.969,458.417,13.912,67.551,479.113,108.113,

[2024-11-01 10:53:30] ,4,83.303,477.267,-36.563,6.123,479.113,-83.491,

[2024-11-01 10:53:45] ,4,84.621,478.453,23.54,-11.079,504.685,-144.881,

[2024-11-01 10:53:58] ,2,44.285,465.074,158.009,28.269,481.881,101.706,

[2024-11-01 10:54:09] ,1,7.244,413.072,-32.829,26.621,439.172,41.042,

[2024-11-01 10:54:26] ,2,8.496,488.406,-151.595,25.567,506.135,153.204,

[2024-11-01 10:54:40] ,4,84.621,514.901,-36.714,11.462,522.547,-47.726,

[2024-11-01 10:55:03] ,1,41.121,411.424,72.216,-1.917,425.858,20.376,

[2024-11-01 10:55:14] ,1,51.996,441.478,70.105,-11.738,443.06,-21.991,

[2024-11-01 10:55:29] ,1,70.319,467.908,-34.114,-8.772,475.158,-81.293,

[2024-11-01 10:55:43] ,1,43.296,490.185,-23.6,58.192,499.676,31.842,

[2024-11-01 10:55:58] ,2,90.619,485.572,-8.865,71.571,512.66,111.413,

[2024-11-01 10:56:14] ,2,8.76,473.444,-132.852,-7.783,516.681,-2.064,

[2024-11-01 10:56:36] ,2,55.885,424.54,-176.906,-5.015,452.288,-12.308,

[2024-11-01 10:56:50] ,1,53.907,409.842,-8.276,28.269,431.922,-43.55,

[2024-11-01 10:57:04] ,1,-4.422,442.928,-40.326,65.903,454.726,-20.854,

[2024-11-01 10:57:19] ,1,28.73,439.106,-34.824,76.976,453.738,-78.69,

[2024-11-01 10:57:34] ,1,7.046,403.054,-45.735,25.501,418.279,78.589,

[2024-11-01 10:57:50] ,1,15.482,440.622,-21.329,-13.386,449.915,-90,

[2024-11-01 10:58:05] ,1,19.832,460.79,4.554,70.451,477.597,-34.403,

[2024-11-01 17:27:12] ,4,78.821,452.815,-75.411,55.489,468.238,41.468,

[2024-11-01 17:56:19] ,1,28.796,450.772,-51.419,56.939,468.567,-46.801,

[2024-11-01 17:57:01] ,1,28.796,450.772,-51.419,56.939,468.567,-46.801,

[2024-11-01 17:58:17] ,1,80.601,466.853,-84.341,32.421,482.803,56.17,

[2024-11-01 17:58:24] ,1,18.58,446.488,37.073,51.732,446.488,20.2,

[2024-11-01 17:58:36] ,2,-0.27,470.676,-46.801,-12.331,514.835,-68.295,

[2024-11-01 17:58:49] ,1,84.951,456.835,85.365,87.06,482.672,-76.849,

[2024-11-01 17:59:04] ,2,58.126,464.744,-142.619,35.914,466.853,-93.545,

[2024-11-01 17:59:18] ,4,21.282,412.874,52.361,30.444,490.91,0.764,

[2024-11-01 17:59:34] ,2,39.605,458.153,-160.925,30.246,499.61,-22.463,

[2024-11-01 17:59:45] ,3,66.101,445.169,6.888,22.93,474.763,80.102,

[2024-11-01 18:00:07] ,2,30.246,427.835,111.329,-2.774,481.881,-150.001,

[2024-11-01 18:00:28] ,1,-0.138,399.363,-82.235,6.717,454.463,66.602,

[2024-11-01 18:00:41] ,1,11.594,464.415,8.13,-7.652,486.758,-20.854,

[2024-11-01 18:00:56] ,1,31.564,426.122,16.157,-2.247,451.233,50.064,

[2024-11-01 18:01:10] ,1,19.898,473.84,-10.214,-9.892,487.944,-68.484,

[2024-11-01 18:01:24] ,1,10.012,451.563,-64.341,-3.763,494.14,-39.218,

[2024-11-01 18:01:39] ,2,0.785,465.338,-147.995,-5.411,484.847,-145.176,

[2024-11-01 18:01:53] ,3,31.498,412.281,20.016,49.228,457.033,-1.517,

[2024-11-01 18:02:07] ,2,12.055,451.233,-100.214,-9.892,459.142,-77.692,

[2024-11-01 18:02:20] ,3,50.48,427.901,-42.839,-1.39,456.901,78.17,

[2024-11-01 18:02:34] ,2,-13.386,463.294,-28.163,48.635,478.717,138.958,

[2024-11-01 18:02:51] ,3,54.83,493.415,-17.949,15.087,519.317,-26.737,

[2024-11-01 18:03:13] ,4,23.26,410.435,6.68,72.098,481.156,32.55,

[2024-11-01 18:03:26] ,1,0.257,436.206,34.824,85.807,477.135,-61.595,

[2024-11-01 18:03:37] ,1,88.246,478.915,17.292,26.819,492.624,47.521,

[2024-11-01 18:03:50] ,2,-2.115,459.076,2.027,25.83,468.435,102.804,

[2024-11-01 18:04:04] ,1,75.46,495.062,18.435,-9.167,513.847,-73.35,

[2024-11-01 18:04:19] ,1,76.251,431.065,-1.562,28.598,439.633,31.139,

[2024-11-01 18:04:32] ,2,-1.72,405.822,71.4,79.81,435.876,-87.421,

[2024-11-01 18:04:46] ,4,35.189,398.308,130.992,72.823,486.428,63.204,

[2024-11-01 18:05:00] ,2,8.76,432.647,-174.391,7.969,458.417,109.075,

[2024-11-01 18:05:11] ,3,11.855,410.699,-55.353,27.673,419.267,-85.014,

[2024-11-01 18:05:25] ,1,-13.981,511.408,-74.836,60.101,511.803,27.255,

[2024-11-01 18:05:39] ,1,-9.433,483.067,-41.042,66.164,502.84,-38.418,

[2024-11-01 18:05:53] ,3,3.353,432.251,73.74,32.221,450.969,-46.606,

[2024-11-01 18:06:07] ,2,76.776,422.299,-18.925,36.967,504.685,155.513,

[2024-11-01 18:06:21] ,4,56.146,429.022,64.29,55.157,466.59,-64.96,

[2024-11-01 18:06:37] ,3,72.36,493.481,-58.772,7.967,510.024,-21.092,

[2024-11-01 18:06:48] ,3,35.451,500.533,-19.525,-6.467,503.828,-18.8,

[2024-11-01 18:07:09] ,4,41.446,440.951,16.015,3.614,443.126,104.899,

[2024-11-01 18:07:22] ,1,45.994,480.892,33.408,71.105,501.983,63.204,

[2024-11-01 18:07:33] ,2,17.982,416.829,-103.416,14.094,479.969,20.674,

[2024-11-01 18:07:47] ,1,-11.874,411.292,-82.747,32.285,482.738,-72.525,

[2024-11-01 18:08:01] ,2,-9.633,482.672,27.711,36.107,520.767,-125.838,

[2024-11-01 18:08:15] ,2,9.162,449.453,-24.066,11.732,509.101,42.447,

[2024-11-01 18:08:29] ,4,65.69,425.924,-1.538,10.524,452.551,0,

[2024-11-01 18:08:44] ,1,54.505,452.09,-32.705,1.976,459.933,-88.977,

[2024-11-01 18:08:57] ,4,69.401,439.303,-85.014,-3.692,450.64,-12.736,

[2024-11-01 18:09:18] ,1,-0.002,462.108,-84.391,-11.14,477.465,-16.015,

[2024-11-01 18:09:29] ,1,37.698,398.704,24.487,32.426,443.653,-85.406,

[2024-11-01 18:09:43] ,2,36.248,449.124,42.138,16.871,460.263,-52.524,

[2024-11-01 18:09:58] ,4,-6.461,454.267,14.221,81.066,516.815,-11.514,

[2024-11-01 18:10:14] ,2,13.312,443.656,-6.116,46.332,456.706,132.479,

[2024-11-01 18:10:33] ,2,51.473,444.578,-150.698,38.555,459.21,-155.26,

[2024-11-01 18:10:45] ,3,32.755,440.097,-72.87,-8.306,444.644,12.736,

[2024-11-01 18:10:59] ,4,3.623,429.797,78.84,-10.745,489.313,17.832,

[2024-11-01 18:11:16] ,2,52.462,413.172,141.18,54.703,451.267,62.978,

[2024-11-01 18:11:27] ,3,59.514,464.778,-36.642,73.751,493.383,-33.265,

[2024-11-01 18:11:42] ,4,9.226,403.615,-79.144,12.785,434.197,33.056,

[2024-11-01 18:11:56] ,3,75.332,476.378,-54.507,54.571,483.431,-10.339,

[2024-11-01 18:12:07] ,1,23.989,443.358,69.8,20.298,462.406,-28.369,

[2024-11-01 18:12:20] ,1,2.042,421.279,-2.556,2.898,463.263,-5.057,

[2024-11-01 18:12:35] ,1,1.91,427.013,19.411,58.394,488.308,7.189,

[2024-11-01 18:12:50] ,1,82.187,469.985,-22.659,36.051,487.847,11.81,

[2024-11-01 18:13:12] ,1,-7.647,430.242,-38.501,18.189,448.96,45,

[2024-11-01 18:13:25] ,3,-5.538,482.64,-59.496,64.194,498.392,90,

[2024-11-01 18:13:40] ,4,14.301,454.497,97.063,-12.722,474.533,100.214,

[2024-11-01 18:13:56] ,4,72.235,512.299,44.635,-3.89,517.572,-18.435,

[2024-11-01 18:14:07] ,1,13.312,428.133,87.955,9.621,505.576,78.19,

[2024-11-01 18:14:18] ,2,-0.661,491.933,-102.308,18.98,512.167,141.18,

[2024-11-01 18:14:41] ,1,53.846,415.083,60.895,33.678,415.281,-72.86,

[2024-11-01 18:24:50] ,4,34.996,428.265,-20.956,64.392,433.076,47.701,

[2024-11-01 18:24:50] ,4,34.996,428.265,-20.956,64.392,433.076,47.701,

[2024-11-01 18:26:59] ,4,65.512,403.549,13.661,37.896,407.438,36.027,

[2024-11-01 18:27:08] ,4,65.512,403.549,13.661,37.896,407.504,35.716,

[2024-11-01 18:27:21] ,4,65.512,403.549,13.661,37.896,407.438,36.027,

[2024-11-01 18:27:30] ,4,65.512,403.549,13.661,37.896,407.438,36.027,

[2024-11-01 18:27:45] ,4,65.512,403.549,13.661,37.896,407.438,36.027,

[2024-11-01 18:28:05] ,4,33.744,412.908,10.339,77.376,417.324,22.087,

[2024-11-01 18:29:12] ,3,33.744,412.842,9.964,6.326,421.344,-0.382,

[2024-11-01 18:29:26] ,3,33.744,412.842,9.964,6.326,421.344,-0.382,

[2024-11-01 18:29:29] ,4,33.744,412.842,9.964,75.332,420.224,8.512,

[2024-11-01 18:29:34] ,3,33.744,412.842,9.964,6.326,421.344,-0.382,

[2024-11-01 18:29:46] ,3,33.744,412.842,9.964,6.326,421.344,-0.382,

[2024-11-01 18:33:32] ,3,34.864,411.392,10.03,75.003,423.717,11.234,

[2024-11-01 18:33:36] ,4,11.137,409.415,6.129,47.387,417.456,3.84,

[2024-11-01 18:34:04] ,4,11.137,409.415,6.129,47.387,417.456,3.84,

[2024-11-01 18:34:19] ,4,11.137,409.415,6.129,47.387,417.456,3.84,

[2024-11-01 18:34:36] ,3,11.137,409.415,6.129,47.387,417.456,3.84,

[2024-11-01 18:36:11] ,3,-3.89,409.481,1.922,32.162,414.094,-2.672,

[2024-11-01 18:36:15] ,4,-2.967,428.001,0,29.987,431.956,-6.129,

[2024-11-01 18:36:23] ,4,-2.967,428.001,0,29.987,431.956,-6.129,

[2024-11-01 18:36:28] ,4,-2.967,428.001,0,29.987,431.956,-6.129,

[2024-11-01 18:39:10] ,3,-2.967,428.001,0,29.987,431.89,-6.509,

[2024-11-01 18:39:24] ,4,-2.967,428.001,0,29.987,431.956,-6.129,

[2024-11-01 18:39:29] ,3,-2.967,428.001,0,29.987,431.956,-6.129,

[2024-11-01 18:39:30] ,3,-2.967,428.001,0,29.987,431.956,-6.129,

[2024-11-01 18:39:31] ,3,-2.967,428.001,0,29.987,431.956,-6.129,

[2024-11-01 18:39:32] ,3,-2.967,428.001,0,29.987,431.956,-6.129,

[2024-11-01 18:39:33] ,3,-2.967,428.001,0,29.987,431.956,-6.129,

[2024-11-01 18:39:34] ,3,-2.967,428.001,0,29.987,431.956,-6.129,

[2024-11-01 18:39:35] ,3,-2.967,428.001,0,29.987,431.956,-6.129,

[2024-11-01 18:39:36] ,4,-2.967,428.001,0,29.987,431.956,-6.129,

[2024-11-01 18:39:36] ,3,-2.967,428.001,0,29.987,431.956,-6.129,

[2024-11-01 18:39:37] ,3,-2.967,428.001,0,29.987,431.956,-6.129,

[2024-11-01 18:39:38] ,3,-2.967,428.001,0,29.987,431.956,-6.129,

[2024-11-01 18:39:50] ,3,-2.967,428.001,0,29.987,431.956,-6.129,

[2024-11-01 18:39:56] ,3,-2.967,428.001,0,29.987,431.956,-6.129,

[2024-11-01 18:40:09] ,3,22.407,428.99,4.194,54.967,434.658,-2.672,

[2024-11-01 18:40:14] ,3,38.687,431.824,8.399,69.928,439.931,0.385,

[2024-11-01 18:40:18] ,3,38.687,431.824,8.399,72.894,437.294,1.909,

[2024-11-01 18:40:22] ,3,38.885,450.344,11.83,72.432,453.508,4.986,

[2024-11-01 18:40:26] ,3,23.989,446.917,11.086,57.867,450.015,3.814,

[2024-11-01 18:40:30] ,3,5.073,445.665,9.15,39.148,447.049,0.382,

[2024-11-01 18:40:34] ,3,-8.702,448.301,8.455,23.726,448.433,-1.507,

[2024-11-01 18:40:38] ,3,20.364,460.758,7.172,-11.074,461.878,9.211,

[2024-11-01 18:40:42] ,3,15.487,470.183,13.761,46.662,471.501,11.459,

[2024-11-01 18:40:46] ,3,37.698,466.953,15.686,69.203,469.722,9.588,

[2024-11-01 18:40:50] ,3,50.419,469.919,18.555,83.176,473.281,12.736,

[2024-11-01 18:40:53] ,4,46.003,485.738,21.801,75.728,489.494,14.315,

[2024-11-01 18:41:06] ,3,46.003,485.738,21.801,75.728,489.494,14.315,

[2024-11-01 18:41:08] ,3,46.003,485.738,21.801,75.728,489.494,14.315,

[2024-11-01 18:41:09] ,3,46.003,485.738,21.801,75.728,489.494,14.315,

[2024-11-01 18:41:10] ,3,46.003,485.738,21.801,75.728,489.428,13.943,

[2024-11-01 18:41:11] ,4,46.003,485.738,21.801,75.728,489.494,14.315,

[2024-11-01 18:41:12] ,3,46.003,485.738,21.801,75.728,489.494,14.315,

[2024-11-01 18:41:13] ,3,46.003,485.738,21.801,75.728,489.494,14.315,

[2024-11-01 18:41:13] ,3,46.003,485.738,21.801,75.728,489.494,14.315,

[2024-11-01 18:41:14] ,3,46.003,485.738,21.801,75.728,489.494,14.315,

[2024-11-01 18:41:15] ,3,46.003,485.738,21.801,75.728,489.494,14.315,

[2024-11-01 18:41:16] ,3,46.003,485.738,21.801,75.728,489.494,14.315,

[2024-11-01 18:41:16] ,3,46.003,485.738,21.801,75.728,489.494,14.315,

[2024-11-01 18:41:17] ,3,46.003,485.738,21.801,75.728,489.494,14.315,

[2024-11-01 18:43:09] ,3,46.003,485.738,21.801,75.728,489.494,14.315,

[2024-11-01 18:43:10] ,3,46.003,485.738,21.801,75.728,489.428,13.943,

[2024-11-01 18:43:11] ,3,46.003,485.738,21.801,75.728,489.494,14.315,

[2024-11-01 18:43:12] ,3,46.003,485.738,21.801,75.728,489.494,14.315,

[2024-11-01 18:43:13] ,3,46.003,485.738,21.801,75.728,489.428,13.943,

[2024-11-01 18:43:14] ,3,46.003,485.738,21.801,75.728,489.494,14.315,

[2024-11-01 18:43:14] ,3,46.003,485.738,21.801,75.728,489.494,14.315,

[2024-11-01 18:43:15] ,3,46.003,485.738,21.801,75.794,489.428,14.036,

[2024-11-01 18:43:16] ,3,46.003,485.738,21.801,75.728,489.494,14.315,

[2024-11-01 18:43:17] ,3,46.003,485.738,21.801,75.728,489.428,13.943,

[2024-11-01 18:43:17] ,3,46.003,485.738,21.801,75.728,489.494,14.315,

[2024-11-01 18:43:18] ,3,46.003,485.738,21.801,75.728,489.494,14.315,

[2024-11-01 18:43:19] ,3,46.003,485.738,21.801,75.728,489.494,14.315,

[2024-11-01 18:43:20] ,3,46.003,485.738,21.801,75.728,489.428,13.943,

[2024-11-01 18:43:22] ,3,46.003,485.738,21.801,75.728,489.494,14.315,

[2024-11-01 18:43:23] ,3,46.003,485.738,21.801,75.728,489.494,14.315,

[2024-11-01 18:43:23] ,3,46.003,485.738,21.801,75.728,489.494,14.315,

[2024-11-01 18:43:24] ,3,46.003,485.738,21.801,75.728,489.494,14.315,

[2024-11-01 18:43:25] ,3,46.003,485.738,21.801,75.728,489.494,14.315,

[2024-11-01 18:43:26] ,3,46.003,485.738,21.801,75.728,489.428,13.943,

[2024-11-01 18:43:27] ,3,46.003,485.738,21.801,75.728,489.494,14.315,

[2024-11-01 18:43:28] ,3,46.003,485.738,21.801,75.728,489.428,13.943,

[2024-11-01 18:43:29] ,3,46.003,485.738,21.801,75.728,489.494,14.315,

[2024-11-01 18:43:30] ,3,46.003,485.738,21.801,75.728,489.494,14.315,

[2024-11-01 18:43:35] ,3,25.505,485.21,18.555,55.032,487.056,11.535,

[2024-11-01 18:43:39] ,4,4.348,480.465,17.716,33.019,482.772,10.271,

[2024-11-01 18:43:41] ,4,4.348,480.465,17.716,33.019,482.772,10.271,

[2024-11-01 18:43:43] ,4,4.348,480.465,17.716,33.019,482.772,10.271,

[2024-11-01 18:43:44] ,4,4.348,480.465,17.716,33.019,482.772,10.271,

[2024-11-01 18:44:01] ,4,4.414,480.465,17.832,33.019,482.772,10.271,

[2024-11-01 18:44:02] ,4,4.414,480.465,17.832,33.019,482.772,10.271,

[2024-11-01 18:44:03] ,4,4.348,480.465,17.716,33.019,482.772,10.271,

[2024-11-01 18:44:45] ,4,4.414,480.465,17.832,33.019,482.772,10.271,

[2024-11-01 18:44:46] ,4,4.414,480.465,17.832,33.019,482.772,10.271,

[2024-11-01 18:44:47] ,4,4.348,480.465,17.716,33.019,482.772,10.271,

[2024-11-01 18:44:49] ,4,4.414,480.465,17.832,33.019,482.772,10.271,

[2024-11-01 18:44:50] ,4,4.414,480.465,17.832,33.019,482.772,10.271,

[2024-11-01 18:44:51] ,4,4.348,480.465,17.716,33.019,482.772,10.271,

[2024-11-01 18:44:52] ,4,4.414,480.465,17.832,33.019,482.772,10.271,

[2024-11-01 18:44:54] ,4,4.414,480.465,17.832,33.019,482.772,10.271,

[2024-11-01 18:44:55] ,4,4.414,480.465,17.832,33.019,482.772,10.271,

[2024-11-01 18:44:56] ,4,4.414,480.465,17.832,33.019,482.772,10.271,

[2024-11-01 18:45:15] ,4,4.414,480.465,17.832,33.019,482.772,10.271,

[2024-11-01 18:45:16] ,4,4.348,480.465,17.716,33.019,482.772,10.271,

[2024-11-01 18:45:17] ,4,4.414,480.465,17.832,33.019,482.772,10.271,

[2024-11-01 18:45:18] ,4,4.414,480.465,17.832,33.019,482.772,10.271,

[2024-11-01 18:45:19] ,4,4.414,480.465,17.832,33.019,482.772,10.271,

[2024-11-01 18:45:20] ,4,4.414,480.465,17.832,33.019,482.772,10.271,

[2024-11-01 18:45:22] ,4,4.414,480.465,17.832,33.019,482.772,10.271,

[2024-11-01 18:45:22] ,4,4.414,480.465,17.832,33.019,482.772,10.271,

[2024-11-01 18:45:24] ,4,4.348,480.465,17.716,33.019,482.772,10.271,

[2024-11-01 18:45:25] ,4,4.414,480.465,17.832,33.019,482.772,10.271,

[2024-11-01 18:45:39] ,4,4.348,480.465,17.716,33.019,482.772,10.271,

[2024-11-01 18:45:40] ,4,4.414,480.465,17.832,33.019,482.772,10.271,

[2024-11-01 18:45:41] ,4,4.414,480.465,17.832,33.019,482.772,10.271,

[2024-11-01 18:46:18] ,4,4.414,480.465,17.832,33.019,482.772,10.271,

[2024-11-01 18:46:21] ,4,4.414,480.465,17.832,33.019,482.772,10.271,

[2024-11-01 18:46:22] ,4,4.414,480.465,17.832,33.019,482.772,10.271,

[2024-11-01 18:46:24] ,4,4.414,480.465,17.832,33.019,482.772,10.271,

[2024-11-01 18:46:25] ,4,4.414,480.465,17.832,33.019,482.772,10.271,

[2024-11-01 18:46:26] ,4,4.414,480.465,17.832,33.019,482.772,10.271,

[2024-11-01 18:46:27] ,4,4.348,480.465,17.716,33.019,482.772,10.271,

[2024-11-01 18:46:27] ,4,4.414,480.465,17.832,33.019,482.772,10.271,

[2024-11-01 18:46:28] ,4,4.414,480.465,17.832,33.019,482.772,10.271,

[2024-11-01 18:46:29] ,4,4.414,480.465,17.832,33.019,482.772,10.271,

[2024-11-01 18:46:53] ,4,4.414,480.465,17.832,33.019,482.772,10.271,

[2024-11-01 18:47:42] ,4,4.414,480.465,17.832,33.019,482.772,10.271,

[2024-11-01 18:49:18] ,4,4.348,480.465,17.716,33.019,482.772,10.271,

[2024-11-01 18:50:36] ,3,4.414,480.465,17.832,33.019,482.772,10.271,

[2024-11-01 18:50:42] ,3,4.414,480.465,17.832,33.019,482.772,10.271,

[2024-11-01 18:50:55] ,3,-1.847,471.897,9.964,33.019,482.772,10.271,

[2024-11-01 18:51:14] ,4,-1.847,471.897,9.964,33.019,482.772,10.271,

[2024-11-01 18:51:20] ,4,-1.847,471.897,9.964,33.019,482.772,10.271,

[2024-11-01 18:51:32] ,4,-1.847,471.963,9.588,33.019,482.772,10.271,

[2024-11-01 18:51:37] ,4,-1.847,471.963,9.588,33.019,482.772,10.271,

[2024-11-01 18:51:45] ,4,-1.847,471.897,9.964,33.019,482.772,10.271,

[2024-11-01 18:51:55] ,3,-1.847,471.963,9.588,33.019,482.772,10.271,

[2024-11-01 18:52:04] ,3,-1.781,471.963,9.525,33.019,482.772,10.271,

[2024-11-01 18:52:12] ,3,-1.847,471.897,9.964,33.019,482.772,10.271,

[2024-11-01 18:52:14] ,3,-1.847,471.897,9.964,33.019,482.772,10.271,

[2024-11-01 18:52:15] ,4,-1.847,471.897,9.964,33.019,482.772,10.271,

[2024-11-01 18:52:17] ,4,-1.847,471.897,9.964,33.019,482.772,10.271,

[2024-11-01 18:52:18] ,3,-1.847,471.963,9.588,33.019,482.772,10.271,

[2024-11-01 18:52:19] ,4,-1.847,471.897,9.964,33.019,482.772,10.271,

[2024-11-01 18:53:54] ,3,-1.781,471.963,9.525,33.019,482.772,10.271,

[2024-11-01 18:53:55] ,3,-1.781,471.963,9.525,33.019,482.772,10.271,

[2024-11-01 18:53:56] ,4,-1.847,471.963,9.588,33.019,482.772,10.271,

[2024-11-01 18:53:57] ,3,-1.847,471.897,9.964,33.019,482.772,10.271,

[2024-11-01 18:53:57] ,3,-1.847,471.963,9.588,33.019,482.772,10.271,

[2024-11-01 18:54:28] ,4,-1.781,471.897,9.898,33.019,482.772,10.271,

[2024-11-01 18:54:33] ,4,-1.847,471.897,9.964,33.019,482.772,10.271,

[2024-11-01 18:54:38] ,4,-1.847,471.963,9.588,33.019,482.772,10.271,

[2024-11-01 18:54:42] ,4,-1.847,471.897,9.964,33.019,482.772,10.271,

[2024-11-01 18:54:46] ,4,-1.847,471.897,9.964,33.019,482.772,10.271,

[2024-11-01 18:54:47] ,4,-1.847,471.897,9.964,33.019,482.772,10.271,

[2024-11-01 18:54:48] ,4,-1.847,471.897,9.964,33.019,482.772,10.271,

[2024-11-01 18:54:49] ,4,-1.847,471.897,9.964,33.019,482.772,10.271,

[2024-11-01 18:54:50] ,4,-1.847,471.897,9.964,33.019,482.772,10.271,

[2024-11-01 18:54:50] ,4,-1.847,471.963,9.588,33.019,482.772,10.271,

[2024-11-01 18:54:51] ,4,-1.847,471.963,9.588,33.019,482.772,10.271,

[2024-11-01 18:54:52] ,4,-1.847,471.897,9.964,33.019,482.772,10.271,

[2024-11-01 18:54:52] ,4,-1.847,471.897,9.964,33.019,482.772,10.271,

[2024-11-01 18:54:53] ,4,-1.847,471.963,9.588,33.019,482.772,10.271,

[2024-11-01 18:54:54] ,4,-1.781,471.963,9.525,33.019,482.772,10.271,

[2024-11-01 18:54:55] ,4,-1.847,471.897,9.964,33.019,482.772,10.271,

[2024-11-01 18:54:55] ,4,-1.847,471.897,9.964,33.019,482.772,10.271,

[2024-11-01 18:54:56] ,4,-1.847,471.897,9.964,33.019,482.772,10.271,

[2024-11-01 18:54:57] ,4,-1.847,471.897,9.964,33.019,482.772,10.271,

[2024-11-01 18:54:57] ,4,-1.847,471.897,9.964,33.019,482.772,10.271,

[2024-11-01 18:54:58] ,4,-1.847,471.897,9.964,33.019,482.772,10.271,

[2024-11-01 18:54:59] ,4,-1.847,471.897,9.964,33.019,482.772,10.271,

[2024-11-01 18:54:59] ,4,-1.847,471.897,9.964,33.019,482.772,10.271,

[2024-11-01 18:55:00] ,4,-1.847,471.897,9.964,33.019,482.772,10.271,

[2024-11-01 18:55:06] ,3,-1.847,471.897,9.964,33.019,482.772,10.271,

[2024-11-01 18:55:08] ,3,-1.847,471.897,9.964,33.019,482.772,10.271,

[2024-11-01 18:55:09] ,3,-1.847,471.897,9.964,33.019,482.772,10.271,

[2024-11-01 18:55:09] ,3,-1.847,471.897,9.964,33.019,482.772,10.271,

[2024-11-01 18:55:10] ,3,-1.847,471.963,9.588,33.019,482.772,10.271,

[2024-11-01 18:55:11] ,3,-1.847,471.897,9.964,33.019,482.772,10.271,

[2024-11-01 18:55:11] ,3,-1.847,471.897,9.964,33.019,482.772,10.271,

[2024-11-01 18:55:12] ,3,-1.847,471.897,9.964,33.019,482.772,10.271,

[2024-11-01 18:55:13] ,3,-1.847,471.897,9.964,33.019,482.772,10.271,

[2024-11-01 18:55:13] ,3,-1.781,471.963,9.525,33.019,482.772,10.271,

[2024-11-01 18:55:14] ,3,-1.847,471.963,9.588,33.019,482.772,10.271,

[2024-11-01 18:55:15] ,3,-1.847,471.963,9.588,33.019,482.772,10.271,

[2024-11-01 18:55:15] ,3,-1.781,471.963,9.525,33.019,482.772,10.271,

[2024-11-01 18:55:16] ,3,-1.847,471.897,9.964,33.019,482.772,10.271,

[2024-11-01 18:55:17] ,3,-1.847,471.897,9.964,33.019,482.772,10.271,

[2024-11-01 18:55:18] ,3,-1.847,471.897,9.964,33.019,482.772,10.271,

[2024-11-01 18:55:19] ,3,-1.847,471.897,9.964,33.019,482.772,10.271,

[2024-11-01 18:55:20] ,3,-1.847,471.897,9.964,33.019,482.772,10.271,

[2024-11-01 18:55:20] ,3,-1.847,471.897,9.964,33.019,482.772,10.271,

[2024-11-01 18:55:21] ,3,-1.847,471.897,9.964,33.019,482.772,10.271,

[2024-11-01 18:55:22] ,3,-1.847,471.897,9.964,33.019,482.772,10.271,

[2024-11-01 18:55:22] ,3,-1.847,471.897,9.964,33.019,482.772,10.271,

[2024-11-01 18:55:23] ,3,-1.781,471.963,9.525,33.019,482.772,10.271,

[2024-11-01 18:55:24] ,3,-1.847,471.897,9.964,33.019,482.772,10.271,

[2024-11-01 18:55:24] ,3,-1.847,471.897,9.964,33.019,482.772,10.271,

[2024-11-01 18:55:27] ,3,-1.847,471.897,9.964,33.019,482.772,10.271,

[2024-11-01 18:55:28] ,3,-1.847,471.897,9.964,33.019,482.772,10.271,

[2024-11-01 18:55:29] ,3,-1.847,471.897,9.964,33.019,482.772,10.271,

[2024-11-01 18:55:31] ,3,-1.847,471.897,9.964,33.019,482.772,10.271,

[2024-11-01 18:55:32] ,3,-1.847,471.897,9.964,33.019,482.772,10.271,

[2024-11-01 18:55:33] ,3,-1.847,471.897,9.964,33.019,482.772,10.271,

[2024-11-01 18:55:34] ,3,-1.847,471.897,9.964,33.019,482.772,10.271,

[2024-11-01 18:55:35] ,3,-1.847,471.897,9.964,33.019,482.772,10.271,

[2024-11-01 18:57:02] ,3,-1.847,471.897,9.964,33.019,482.772,10.271,

[2024-11-01 18:57:49] ,3,-1.847,471.897,9.964,33.019,482.772,10.271,

[2024-11-01 18:59:58] ,3,-1.847,471.963,9.588,33.019,482.772,10.271,

[2024-11-01 18:59:58] ,3,-1.847,471.963,9.588,33.019,482.772,10.271,

[2024-11-01 18:59:59] ,3,-1.847,471.897,9.964,33.019,482.772,10.271,

[2024-11-01 19:00:00] ,3,-1.847,471.897,9.964,33.019,482.772,10.271,

[2024-11-01 19:00:01] ,3,-1.847,471.963,9.588,33.019,482.772,10.271,

[2024-11-01 19:00:01] ,3,-1.847,471.897,9.964,33.019,482.772,10.271,

[2024-11-01 19:00:02] ,3,-1.847,471.963,9.588,33.019,482.772,10.271,

[2024-11-01 19:00:03] ,3,-1.847,471.897,9.964,33.019,482.772,10.271,

[2024-11-01 19:00:04] ,3,-1.847,471.963,9.588,33.019,482.772,10.271,

[2024-11-01 19:00:04] ,3,-1.847,471.963,9.588,33.019,482.772,10.271,

[2024-11-01 19:00:05] ,3,-1.847,471.963,9.588,33.019,482.772,10.271,

[2024-11-01 19:00:06] ,3,-1.847,471.897,9.964,33.019,482.772,10.271,

[2024-11-01 19:00:11] ,3,-4.22,485.013,10.339,27.351,493.976,8.022,

[2024-11-01 19:00:15] ,3,12.653,491.34,11.83,47.321,499.249,13.481,

[2024-11-01 19:00:20] ,3,30.91,493.383,12.281,66.896,497.337,15.422,

[2024-11-01 19:00:23] ,3,20.826,503.072,8.076,58.46,504.785,13.57,

[2024-11-01 19:00:27] ,3,38.753,509.069,12.362,0.987,509.333,5.368,

[2024-11-01 19:00:30] ,3,38.423,514.408,12.821,0.592,514.869,5.368,

[2024-11-01 19:00:36] ,3,6.721,506.697,-75.217,39.676,507.553,-89.231,

[2024-11-01 19:00:41] ,3,18.189,502.544,-72.897,52.594,504.39,-85.396,

[2024-11-01 19:00:44] ,3,40.467,501.622,-70.475,77.178,503.599,-81.87,

[2024-11-01 19:00:47] ,3,80.144,484.288,-84.596,43.564,485.276,-74.211,

[2024-11-01 19:00:51] ,3,61.426,481.651,-86.947,26.296,483.101,-75.044,

[2024-11-01 19:00:53] ,3,38.885,479.74,90,1.976,483.167,-76.977,

[2024-11-01 19:00:57] ,3,27.021,456.869,75.411,-6.461,461.483,-85.426,

[2024-11-01 19:01:01] ,3,54.835,461.417,73.846,17.53,465.042,-74.678,

[2024-11-01 19:01:04] ,3,70.521,461.417,73.632,35.589,465.569,-72.284,

[2024-11-01 19:01:07] ,3,80.473,449.488,68.552,49.562,454.101,-71.323,

[2024-11-01 19:01:11] ,3,73.026,427.738,67.913,40.796,437.492,-73.374,

[2024-11-01 19:01:14] ,3,52.989,423.981,90,16.607,432.219,-73.009,

[2024-11-01 19:01:18] ,3,6.26,416.072,-73.264,42.048,419.169,88.472,

[2024-11-01 19:02:01] ,4,9.885,439.14,72.044,4.48,483.826,79.38,

[2024-11-01 19:02:09] ,4,35.655,444.347,23.398,69.466,476.642,-28.856,

[2024-11-01 19:02:25] ,4,-5.867,435.778,7.645,64.194,455.09,72.168,

[2024-11-01 19:02:39] ,4,-9.361,439.931,38.243,64.194,455.09,72.168,

[2024-11-01 19:04:46] ,1,28.603,425.035,-53.334,26.428,471.963,34.951,

[2024-11-01 19:17:01] ,1,25.637,442.963,79.287,83.241,484.617,51.582,

[2024-11-01 19:17:11] ,1,51.012,434.46,-90,90.162,435.449,-74.97,

[2024-11-01 19:17:23] ,1,1.448,455.815,39.936,-12.458,484.288,-57.724,

[2024-11-01 19:17:34] ,1,77.771,438.349,-20.854,20.496,505.972,-30.44,

[2024-11-01 19:17:46] ,2,37.896,403.417,62.745,26.757,438.085,-55.597,

[2024-11-01 19:17:58] ,2,-3.297,419.631,-59.3,87.591,437.163,120.964,

[2024-11-01 19:18:09] ,2,90.821,477.038,133.531,23.923,493.712,-166.088,

[2024-11-01 19:18:21] ,3,27.548,429.913,-26.565,55.889,436.635,23.148,

[2024-11-01 19:18:33] ,1,77.112,436.701,45.725,89.635,483.826,76.967,

[2024-11-01 19:18:44] ,3,55.757,411.326,-59.103,78.035,438.481,41.474,

[2024-11-01 19:18:56] ,1,81.462,489.033,41.379,39.346,496.612,71.887,

[2024-11-01 19:19:08] ,2,44.289,402.165,129.144,71.971,450.608,173.83,

[2024-11-01 19:19:20] ,3,83.571,415.149,68.488,46.728,486.067,40.147,

[2024-11-01 19:27:10] ,1,70.982,414.754,-33.261,10.346,466.426,-57.295,

[2024-11-01 19:27:20] ,2,75.926,478.817,31.405,40.994,511.178,173.774,

[2024-11-01 19:27:32] ,2,17.201,508.344,19.411,67.489,518.626,-164.338,

[2024-11-01 19:27:45] ,1,19.046,472.753,51.419,15.553,504.653,-3.094,

[2024-11-01 19:27:58] ,3,25.769,421.476,-52.595,42.707,421.938,-47.161,

[2024-11-01 19:28:10] ,3,-4.088,408.492,23.806,64.589,481.388,-66.501,

[2024-11-01 19:28:22] ,4,77.112,413.106,59.3,54.571,439.667,46.345,

[2024-11-01 19:28:34] ,4,47.057,471.04,-4.953,-11.47,486.199,-63.947,

[2024-11-01 19:28:44] ,3,37.105,459.044,-20.601,3.36,502.874,-79.661,

[2024-11-01 19:28:57] ,4,52.857,483.299,37.174,38.951,513.156,-40.934,

[2024-11-01 19:29:08] ,1,50.023,411.458,-87.421,28.669,499.447,35.242,

[2024-11-01 19:29:26] ,1,20.957,405.988,33.977,-5.34,415.413,4.635,

[2024-11-01 19:29:37] ,1,14.696,413.369,40.992,26.428,420.158,70.589,

[2024-11-01 19:29:50] ,1,61.492,416.863,44.265,67.555,446.126,43.55,

[2024-11-01 19:30:02] ,1,0.064,480.86,-62.758,48.771,494.833,-20.674,

[2024-11-01 19:30:15] ,1,38.753,473.544,74.261,40.796,499.117,-52.214,

[2024-11-01 19:30:27] ,2,46.86,407.108,129.872,23.857,439.008,48.24,

[2024-11-01 19:30:39] ,1,42.51,452.058,81.444,29.592,475.258,14.899,

[2024-11-01 19:30:52] ,1,-10.942,483.497,-84.898,-13.842,496.415,9.293,

[2024-11-01 19:31:04] ,1,53.319,428.067,77.082,7.973,520.076,-73.843,

[2024-11-01 19:31:17] ,2,33.876,408.624,-163.202,59.646,416.138,87.936,

[2024-11-01 19:31:29] ,4,20.892,415.347,-62.289,0.196,421.938,-51.18,

[2024-11-01 19:31:42] ,2,33.678,442.897,144.758,61.228,455.485,68.671,

[2024-11-01 19:31:51] ,2,9.555,429.253,-7.696,31.107,449.356,-137.862,

[2024-11-01 19:32:03] ,2,64.787,477.499,-45,72.894,504.785,4.122,

[2024-11-01 19:32:15] ,2,-8.24,470.381,107.14,14.828,504.851,-18.273,

[2024-11-01 19:32:27] ,4,11.73,421.015,-26.222,55.955,430.176,-72.532,

[2024-11-01 19:32:40] ,3,45.871,491.537,-9.964,14.762,507.422,86.927,

[2024-11-01 19:43:02] ,1,10.544,424.442,63.435,-11.206,449.488,-74.476,

[2024-11-01 19:43:11] ,1,12.719,467.547,56.87,30.976,498.722,40.267,

[2024-11-01 19:43:24] ,2,75.53,464.251,-8.276,59.185,501.358,-44.635,

[2024-11-01 19:43:37] ,3,8.567,443.622,44.193,39.214,451.267,12.653,

[2024-11-01 19:43:50] ,3,-2.177,475.126,59.167,45.212,478.092,-40.684,

[2024-11-01 19:44:04] ,1,18.057,415.874,-76.464,7.182,431.494,7.696,

[2024-11-01 19:44:15] ,2,23.33,400.056,22.38,44.553,440.788,-4.086,

[2024-11-01 19:44:27] ,2,0.394,462.472,106.991,79.551,494.437,-13.033,

[2024-11-01 19:44:42] ,1,39.28,488.242,25.201,66.566,506.762,-74.97,

[2024-11-01 19:44:55] ,2,5.139,412.447,-103.536,73.289,499.051,146.023,

[2024-11-01 19:45:09] ,3,-11.47,443.753,1.146,11.137,497.337,-85.806,

[2024-11-01 19:45:28] ,1,58.723,471.303,-48.576,19.969,483.431,-78.294,

[2024-11-01 19:45:39] ,2,28.603,452.19,151.39,16.41,463.856,44.64,

[2024-11-01 19:45:52] ,2,57.867,490.812,80.2,78.628,498.524,59.482,

[2024-11-01 19:46:04] ,4,-7.911,450.344,48.493,-0.924,501.028,-36.254,

[2024-11-01 19:46:20] ,1,-1.979,411.326,-81.215,13.773,416.335,-19.411,

[2024-11-01 19:46:29] ,1,-13.052,448.235,66.194,31.635,456.869,-35.655,

[2024-11-01 19:46:42] ,2,47.255,402.494,100.905,81.264,443.622,118.163,

[2024-11-01 19:46:56] ,1,3.755,486.199,9.713,72.103,517.11,-42.064,

[2024-11-01 19:47:09] ,1,16.937,407.767,-58.158,7.578,441.776,-8.707,

[2024-11-01 19:47:22] ,2,49.826,484.222,-156.869,34.732,485.738,154.341,

[2024-11-01 19:47:42] ,1,35.194,423.651,24.274,-7.515,433.274,85.914,

[2024-11-01 19:47:52] ,1,32.162,450.608,68.854,69.862,452.981,72.044,

[2024-11-01 19:48:04] ,1,7.644,471.106,49.289,73.421,486.594,-44.635,

[2024-11-01 19:48:17] ,1,21.748,505.576,-88.466,3.228,506.631,1.548,

[2024-11-01 19:48:31] ,2,1.778,413.963,-114.955,56.68,448.96,0,

[2024-11-01 19:48:43] ,2,59.448,474.797,123.408,25.901,485.408,124.951,

[2024-11-01 19:48:55] ,2,23.462,517.901,-171.724,7.38,521.526,-103.033,

[2024-11-01 19:49:10] ,1,3.887,423.058,21.705,5.732,446.917,-84.44,

[2024-11-01 19:49:21] ,1,36.182,452.651,74.612,48.573,461.088,65.934,

[2024-11-01 19:49:34] ,2,58.789,478.619,-180,47.848,491.01,52.927,

[2024-11-01 19:49:47] ,3,25.769,421.213,85.014,47.057,426.485,90,

[2024-11-01 19:49:59] ,4,63.271,428.528,-88.472,24.978,479.344,23.694,

[2024-11-01 19:50:12] ,4,-6.592,486.397,79.287,8.039,521.526,-15.154,

[2024-11-01 19:50:22] ,4,84.164,409.679,27.269,14.984,498.049,85.438,

[2024-11-01 19:50:34] ,1,23.132,474.072,1.521,63.139,510.585,81.215,

[2024-11-01 19:50:44] ,2,-9.295,446.192,160.758,35.721,453.178,95.013,

[2024-11-01 19:50:57] ,3,18.453,442.633,33.056,27.878,502.215,-77.264,

[2024-11-01 19:51:12] ,2,9.16,440.788,-104.407,19.442,514.672,65.045,

[2024-11-01 19:51:23] ,3,43.367,452.19,80.102,19.178,497.997,88.854,

[2024-11-01 19:51:39] ,3,29.13,490.219,-45,-12.063,519.878,-77.093,

[2024-11-01 19:51:58] ,4,20.628,408.756,66.869,16.871,435.778,0,

[2024-11-01 19:52:09] ,1,-0.661,463.526,73.009,10.346,477.565,-62.758,

[2024-11-01 19:52:19] ,2,-2.836,421.081,-20.376,-5.472,453.903,67.341,

[2024-11-01 19:52:31] ,2,28.669,461.747,30.184,16.871,516.253,154.581,

[2024-11-01 19:52:46] ,1,-9.954,438.547,56.31,4.546,457.594,13.912,

[2024-11-01 19:52:56] ,2,24.978,412.974,37.284,40.532,420.554,26.333,

[2024-11-01 19:53:10] ,3,56.812,470.71,-85.426,-2.572,488.638,28.794,

[2024-11-01 19:53:23] ,4,68.61,495.69,87.31,11.203,505.51,-60.35,

[2024-11-01 19:53:38] ,2,33.085,465.174,113.86,-7.977,514.276,146.739,

[2024-11-01 19:53:49] ,1,76.98,439.14,-46.095,5.403,479.015,-54.345,

[2024-11-01 19:54:10] ,1,26.428,405.922,-4.635,90.821,471.303,1.032,

[2024-11-01 19:54:20] ,1,36.182,492.262,65.472,15.026,522.647,-68.962,

[2024-11-01 19:54:34] ,2,26.098,452.849,51.103,53.187,481.585,145.049,

[2024-11-01 19:54:47] ,2,32.228,483.167,74.124,-13.315,503.467,-120.7,

[2024-11-01 19:55:01] ,3,81.857,408.163,-49.65,37.962,414.49,-86.16,

[2024-11-01 19:55:16] ,1,35.457,470.71,49.289,1.053,508.806,-23.334,

[2024-11-01 19:55:26] ,3,-6.527,436.701,80.412,61.426,452.717,10.339,

[2024-11-01 19:55:41] ,1,53.912,414.885,43.176,-8.306,437.953,24.066,

[2024-11-01 19:55:52] ,1,46.728,475.258,34.951,13.773,520.208,3.608,

[2024-11-01 19:56:04] ,2,50.485,401.44,-127.284,30.778,496.942,-160.758,

[2024-11-01 19:56:21] ,4,25.703,440.59,-5.057,66.698,494.108,-74.97,

[2024-11-01 19:56:36] ,2,-1.254,450.608,145.886,57.471,477.433,106.504,

[2024-11-01 19:56:48] ,3,-11.008,486.858,58.116,14.432,514.869,74.107,

[2024-11-01 19:57:08] ,1,24.648,404.604,26.796,17.069,432.549,28.163,

[2024-11-01 19:57:18] ,1,31.767,445.401,-86.987,79.814,445.928,3.576,

[2024-11-01 19:57:31] ,1,12.257,448.894,11.211,27.482,471.897,-39.677,

[2024-11-01 19:57:44] ,1,-8.306,505.642,41.379,65.182,507.092,58.595,

[2024-11-01 19:57:56] ,2,13.773,403.681,-149.036,-1.847,427.54,38.82,

[2024-11-01 19:58:18] ,1,5.667,422.201,72.525,34.667,449.422,59.816,

[2024-11-01 19:58:29] ,1,45.476,457.594,86.486,42.971,502.808,-11.211,

[2024-11-01 19:58:42] ,2,9.819,401.374,142.716,50.617,435.251,178.977,

[2024-11-01 19:58:54] ,2,-4.615,442.106,-78.69,12.389,466.228,98.13,

[2024-11-01 19:59:07] ,2,0.987,478.422,130.657,6.787,501.951,143.334,

[2024-11-01 20:03:13] ,3,14.432,456.013,-4.921,41.323,459.308,-4.921,

[2024-11-01 20:37:36] ,3,14.96,463.922,-75.872,45.739,467.283,-68.199,

[2024-11-01 20:37:42] ,3,14.96,463.922,-75.872,45.739,467.283,-68.199,

[2024-11-01 20:39:29] ,3,42.707,460.363,43.668,10.346,470.644,46.071,

[2024-11-01 20:40:29] ,3,47.123,417.324,6.129,75.86,420.685,-3.457,

[2024-11-01 20:41:29] ,3,47.387,418.972,44.459,80.869,421.74,-48.851,

[2024-11-01 20:42:51] ,3,83.637,416.467,51.038,54.242,418.51,-47.442,

[2024-11-01 20:43:57] ,3,41.851,416.138,-76.519,25.835,429.056,80.036,

[2024-11-01 20:44:07] ,3,82.319,430.044,53.207,8.435,436.306,90,

[2024-11-01 20:44:19] ,4,41.653,459.572,-14.956,57.01,476.51,-37.708,

[2024-11-01 20:44:31] ,4,-3.297,482.442,-33.056,20.364,482.969,47.956,

[2024-11-01 20:44:41] ,4,50.485,421.806,7.696,26.889,449.751,-20.113,

[2024-11-01 20:44:50] ,3,0.394,474.797,39.611,81.264,483.563,-16.736,

[2024-11-01 20:44:59] ,3,34.93,501.951,-15.524,8.632,518.362,-54.284,

[2024-11-01 20:45:13] ,4,68.807,413.172,5.787,13.444,413.567,57.792,

[2024-11-01 20:45:24] ,3,17.398,463.197,0,19.178,492.592,-79.661,

[2024-11-01 20:45:34] ,3,70.323,440.985,-78.84,29.723,482.706,10.643,

[2024-11-01 20:45:47] ,3,23.726,446.06,70.602,18.782,488.967,-9.525,

[2024-11-01 20:46:00] ,4,41.455,450.806,0,12.455,461.681,-46.591,

[2024-11-01 20:46:12] ,3,2.832,480.333,-85.047,56.746,500.962,-87.31,

[2024-11-01 20:46:22] ,4,86.405,433.208,18.435,25.11,467.085,83.577,

[2024-11-01 20:46:38] ,4,7.973,464.581,-84.327,54.769,484.683,37.708,

[2024-11-01 20:46:59] ,4,-3.627,455.683,84.289,58.657,464.383,-28.61,

[2024-11-01 20:47:09] ,3,59.119,483.892,83.534,1.119,487.847,75.779,

[2024-11-01 20:47:18] ,3,70.851,416.204,-29.505,34.205,423.915,42.58,

[2024-11-01 20:47:31] ,4,63.798,443.556,28.61,49.232,478.224,66.153,

[2024-11-01 20:47:43] ,4,70.126,406.844,-67.767,53.385,419.038,49.899,

[2024-11-01 20:47:53] ,3,84.691,425.431,-35.087,4.48,436.174,41.76,

[2024-11-01 20:48:02] ,4,23.66,450.476,-41.791,41.917,454.431,-26.227,

[2024-11-01 20:48:14] ,4,65.973,465.042,-38.779,-13.645,488.638,50.684,

[2024-11-01 20:48:24] ,3,74.871,490.615,90,28.537,515.331,-33.584,

[2024-11-01 20:51:40] ,4,58.98,400.228,-89.112,-11.076,479.042,-29.949,

[2024-11-01 20:51:52] ,4,58.984,400.224,-89.112,-11.068,479.04,-29.949,

[2024-11-01 20:54:18] ,4,52.067,408.031,52.9,2.767,428.397,-1.528,

[2024-11-01 20:54:22] ,4,52.067,408.031,52.9,2.832,428.397,-1.517,

[2024-11-01 20:54:31] ,3,52.198,408.163,52.9,2.898,428.528,-1.528,

[2024-11-01 20:54:39] ,4,52.067,408.031,52.9,2.898,428.397,-1.528,

[2024-11-01 20:54:47] ,3,52.132,408.097,52.826,2.898,428.397,-1.528,

[2024-11-01 20:54:59] ,4,52.198,408.097,53.13,2.898,428.463,-1.146,

[2024-11-01 20:55:02] ,3,52.198,408.097,53.13,2.898,428.397,-1.528,

[2024-11-01 20:55:03] ,3,52.198,408.097,53.13,2.898,428.397,-1.528,

[2024-11-01 20:55:05] ,3,52.198,408.097,53.13,2.898,428.397,-1.528,

[2024-11-01 20:55:06] ,3,52.132,408.097,52.361,2.898,428.397,-1.528,

[2024-11-01 20:55:09] ,3,52.132,408.097,52.361,2.898,428.397,-1.528,

[2024-11-01 20:55:11] ,3,52.132,408.163,52.595,2.898,428.397,-1.528,

[2024-11-01 20:55:14] ,3,52.132,408.163,52.595,2.898,428.463,-1.146,

[2024-11-01 20:55:18] ,4,52.198,408.163,52.9,27.219,408.954,-62.58,

[2024-11-01 20:55:21] ,3,52.198,408.163,52.9,27.153,408.954,-62.92,

[2024-11-01 20:55:22] ,3,52.067,408.031,52.9,27.153,408.888,-62.745,

[2024-11-01 20:55:23] ,3,52.067,408.031,52.9,27.087,408.888,-62.403,

[2024-11-01 20:55:25] ,3,52.067,408.031,52.9,27.087,408.888,-62.403,

[2024-11-01 20:55:58] ,4,30.646,403.088,59.632,67.951,409.744,-22.59,

[2024-11-01 20:56:06] ,4,30.646,403.088,59.632,67.951,409.81,-22.233,

[2024-11-01 20:56:08] ,4,30.646,403.088,59.632,67.885,409.744,-22.739,

[2024-11-01 20:56:09] ,4,30.58,403.088,59.3,67.819,409.744,-22.59,

[2024-11-01 20:56:11] ,4,30.646,403.088,59.632,67.819,409.744,-22.59,

[2024-11-01 20:56:12] ,4,30.712,403.088,59.3,67.819,409.744,-22.59,

[2024-11-01 20:56:13] ,4,30.712,403.088,59.3,67.885,409.744,-22.739,

[2024-11-01 20:56:25] ,4,30.58,403.088,59.3,67.819,409.744,-22.59,

[2024-11-01 20:56:27] ,4,30.58,403.088,59.3,67.819,409.744,-22.59,

[2024-11-01 20:56:28] ,4,30.712,403.088,59.3,67.951,409.81,-22.233,

[2024-11-01 20:56:30] ,4,30.712,403.088,59.3,67.819,409.744,-22.59,

[2024-11-01 20:56:59] ,3,30.712,403.088,59.3,67.951,409.744,-22.59,

[2024-11-01 20:57:08] ,3,1.91,429.319,11.535,49.101,430.308,35.272,

[2024-11-01 20:57:18] ,3,24.648,435.053,-46.345,-6.724,448.894,27.245,

[2024-11-01 20:57:26] ,3,85.614,457.067,-19.163,56.812,458.253,73.12,

[2024-11-01 20:57:36] ,3,24.517,458.978,-45.535,-5.604,472.819,41.507,

[2024-11-01 20:57:43] ,3,37.435,477.301,-18.435,77.705,487.319,-39.855,

[2024-11-01 20:57:49] ,4,53.912,495.624,-4.574,20.76,497.008,17.468,

[2024-11-01 20:57:53] ,4,53.912,495.624,-4.574,20.76,497.008,17.468,

[2024-11-01 20:57:55] ,4,53.912,495.624,-4.574,20.76,497.008,17.468,

[2024-11-01 20:58:02] ,3,53.912,495.624,-4.574,20.76,497.008,17.468,

[2024-11-01 20:58:14] ,4,27.812,405.988,-88.472,72.96,421.476,-28.457,

[2024-11-01 20:58:23] ,4,27.812,405.988,-88.472,72.96,421.476,-28.457,

[2024-11-01 20:58:24] ,4,27.812,405.988,-88.472,72.96,421.476,-28.457,

[2024-11-01 20:58:26] ,4,27.812,405.988,-88.472,72.96,421.476,-28.457,

[2024-11-01 20:58:30] ,4,27.812,405.988,-88.472,72.96,421.476,-28.457,

[2024-11-01 20:58:35] ,4,27.812,405.988,-88.472,72.96,421.476,-28.457,

[2024-11-01 20:58:55] ,3,27.812,405.988,-88.472,72.96,421.476,-28.457,

[2024-11-01 20:58:56] ,3,27.812,405.988,-88.472,72.96,421.476,-28.457,

[2024-11-01 20:58:57] ,3,27.812,405.988,-88.472,72.96,421.476,-28.457,

[2024-11-01 20:58:59] ,3,27.812,405.988,-88.472,72.96,421.476,-28.457,

[2024-11-01 20:59:00] ,3,27.812,405.988,-88.472,72.96,421.476,-28.457,

[2024-11-01 20:59:01] ,3,27.812,405.988,-88.472,72.96,421.476,-28.457,

[2024-11-01 20:59:02] ,3,27.812,405.988,-88.472,72.96,421.476,-28.457,

[2024-11-01 20:59:12] ,4,45.014,438.217,30.833,17.794,438.547,16.991,

[2024-11-01 20:59:22] ,3,54.505,418.444,-62.58,45.014,438.217,30.833,

[2024-11-01 20:59:25] ,4,45.014,438.283,31.159,17.794,438.547,16.991,

[2024-11-01 20:59:36] ,4,45.014,438.217,30.833,17.794,438.547,16.991,

[2024-11-01 20:59:37] ,3,54.571,418.51,-62.063,45.014,438.217,30.833,

[2024-11-01 20:59:38] ,4,45.014,438.217,30.833,17.794,438.547,16.26,

[2024-11-01 20:59:41] ,4,45.014,438.217,30.833,17.794,438.547,16.991,

[2024-11-01 20:59:47] ,4,45.014,438.217,30.833,17.794,438.547,16.991,

[2024-11-01 20:59:55] ,3,45.014,438.217,30.833,17.794,438.547,16.991,

[2024-11-01 21:00:18] ,4,45.014,438.217,30.833,17.794,438.547,16.991,

[2024-11-01 21:00:19] ,4,54.571,418.51,-62.063,45.014,438.217,30.833,

[2024-11-01 21:00:22] ,4,45.014,438.217,30.833,17.794,438.547,16.991,

[2024-11-01 21:00:33] ,4,54.571,418.51,-62.063,45.014,438.217,30.833,

[2024-11-01 21:00:41] ,4,45.014,438.217,30.833,17.794,438.547,16.26,

[2024-11-01 21:00:44] ,4,45.014,438.283,31.159,17.794,438.481,16.626,

[2024-11-01 21:00:45] ,4,54.505,418.51,-62.403,45.014,438.283,31.159,

[2024-11-01 21:00:47] ,4,54.505,418.51,-62.403,45.014,438.217,30.833,

[2024-11-01 21:00:54] ,4,45.014,438.217,30.833,17.794,438.547,16.991,

[2024-11-01 21:00:55] ,4,54.571,418.51,-62.063,45.014,438.217,30.833,

[2024-11-01 21:01:02] ,4,45.014,438.283,31.159,17.794,438.613,16.626,

[2024-11-01 21:01:04] ,4,45.014,438.217,30.833,17.794,438.547,16.991,

[2024-11-01 21:01:05] ,4,45.014,438.283,31.159,17.794,438.481,16.626,

[2024-11-01 21:01:06] ,4,45.014,438.217,30.833,17.794,438.547,16.991,

[2024-11-01 21:01:11] ,4,54.505,418.51,-62.403,45.014,438.217,30.833,

[2024-11-01 21:01:18] ,3,54.571,418.51,-62.063,45.014,438.217,30.833,

[2024-11-01 21:01:20] ,3,45.014,438.217,30.833,17.794,438.547,16.991,

[2024-11-01 21:01:21] ,3,54.571,418.51,-62.063,45.014,438.283,31.159,

[2024-11-01 21:01:22] ,4,45.014,438.217,30.833,17.794,438.547,16.991,

[2024-11-01 21:01:23] ,3,54.571,418.51,-62.063,45.014,438.217,30.833,

[2024-11-01 21:01:24] ,3,45.014,438.217,30.833,17.794,438.481,16.626,

[2024-11-01 21:01:25] ,3,54.571,418.51,-62.063,45.014,438.217,30.833,

[2024-11-01 21:01:27] ,3,45.014,438.217,30.833,17.794,438.547,16.991,

[2024-11-01 21:01:28] ,3,45.014,438.217,30.833,17.794,438.481,16.626,

[2024-11-01 21:01:29] ,3,45.014,438.217,30.833,17.794,438.613,16.626,

[2024-11-01 21:01:30] ,3,54.505,418.444,-62.58,45.014,438.217,30.833,

[2024-11-01 21:01:31] ,4,45.014,438.217,30.833,17.794,438.547,16.991,

[2024-11-01 21:01:41] ,3,45.014,438.217,30.833,17.794,438.547,16.991,

[2024-11-01 21:01:42] ,4,45.014,438.217,30.833,17.794,438.547,16.991,

[2024-11-01 21:01:43] ,4,45.014,438.283,31.159,17.794,438.547,16.991,

[2024-11-01 21:01:44] ,3,45.014,438.217,30.833,17.794,438.547,16.991,

[2024-11-01 21:01:46] ,3,54.505,418.51,-62.403,45.014,438.217,30.833,

[2024-11-01 21:01:46] ,4,45.014,438.217,30.833,17.794,438.547,16.991,

[2024-11-01 21:01:52] ,3,45.014,438.217,30.833,17.794,438.547,16.26,

[2024-11-01 21:01:53] ,3,45.014,438.217,30.833,17.794,438.547,16.26,

[2024-11-01 21:01:54] ,3,45.014,438.283,31.159,17.794,438.547,16.991,

[2024-11-01 21:01:55] ,3,54.505,418.51,-62.403,45.014,438.217,30.833,

[2024-11-01 21:01:56] ,3,45.014,438.217,30.833,17.794,438.481,16.626,

[2024-11-01 21:01:58] ,3,45.014,438.217,30.833,17.794,438.547,16.991,

[2024-11-01 21:01:59] ,3,45.014,438.217,30.833,17.794,438.547,16.991,

[2024-11-01 21:02:00] ,4,54.571,418.51,-62.063,45.014,438.283,31.159,

[2024-11-01 21:02:41] ,3,45.014,438.283,31.159,17.794,438.547,16.991,

[2024-11-01 21:02:43] ,3,54.571,418.51,-62.063,45.014,438.217,30.833,

[2024-11-01 21:02:44] ,3,45.014,438.217,30.833,17.794,438.547,16.991,

[2024-11-01 21:02:45] ,3,45.014,438.217,30.833,17.794,438.481,16.626,

[2024-11-01 21:02:46] ,3,54.505,418.51,-62.403,45.014,438.217,30.833,

[2024-11-01 21:02:56] ,3,45.014,438.283,31.159,17.794,438.547,16.991,

[2024-11-01 21:02:57] ,3,54.571,418.51,-62.063,45.014,438.217,30.833,

[2024-11-01 21:02:58] ,3,45.014,438.217,30.833,17.794,438.547,16.991,

[2024-11-01 21:03:00] ,3,45.014,438.217,30.833,17.794,438.547,16.26,

[2024-11-01 21:03:00] ,3,45.014,438.217,30.833,17.794,438.547,16.26,

[2024-11-01 21:03:01] ,3,45.014,438.217,30.833,17.794,438.481,16.626,

[2024-11-01 21:03:02] ,3,54.505,418.51,-62.403,45.014,438.217,30.833,

[2024-11-01 21:03:03] ,3,45.014,438.217,30.833,17.794,438.547,16.26,

[2024-11-01 21:03:04] ,3,45.014,438.283,31.159,17.794,438.547,16.991,

[2024-11-01 21:03:05] ,3,45.014,438.217,30.833,17.794,438.547,16.26,

[2024-11-01 21:03:06] ,3,45.014,438.217,30.833,17.794,438.547,16.991,

[2024-11-01 21:03:07] ,3,45.014,438.217,30.833,17.794,438.481,16.626,

[2024-11-01 21:03:08] ,3,45.014,438.217,30.833,17.794,438.481,16.626,

[2024-11-01 21:03:09] ,3,45.014,438.217,30.833,17.794,438.547,16.26,

[2024-11-01 21:03:10] ,3,45.014,438.217,30.833,17.794,438.481,16.626,

[2024-11-01 21:03:11] ,3,45.014,438.217,30.833,17.794,438.547,16.991,

[2024-11-01 21:03:12] ,3,54.571,418.51,-62.063,45.014,438.217,30.833,

[2024-11-01 21:03:13] ,3,45.014,438.217,30.833,17.794,438.547,16.991,

[2024-11-01 21:03:14] ,3,45.014,438.217,30.833,17.794,438.547,16.991,

[2024-11-01 21:03:48] ,3,45.014,438.283,31.159,17.794,438.547,16.991,

[2024-11-01 21:03:49] ,3,54.505,418.51,-62.403,45.014,438.283,31.159,

[2024-11-01 21:03:50] ,3,45.014,438.217,30.833,17.794,438.481,16.626,

[2024-11-01 21:03:51] ,3,45.014,438.217,30.833,17.794,438.547,16.991,

[2024-11-01 21:03:52] ,3,54.505,418.51,-62.403,45.014,438.217,30.833,

[2024-11-01 21:03:52] ,3,45.014,438.217,30.833,17.794,438.547,16.26,

[2024-11-01 21:03:53] ,4,54.571,418.51,-62.063,45.014,438.217,30.833,

[2024-11-01 21:03:54] ,3,54.505,418.51,-62.403,45.014,438.217,30.833,

[2024-11-01 21:03:55] ,3,45.014,438.283,31.159,17.794,438.547,16.991,

[2024-11-01 21:03:55] ,3,45.014,438.217,30.833,17.794,438.547,16.26,

[2024-11-01 21:04:01] ,4,54.571,418.51,-62.063,45.014,438.217,30.833,

[2024-11-01 21:04:02] ,3,45.014,438.217,30.833,17.794,438.547,16.991,

[2024-11-01 21:04:02] ,3,45.014,438.283,31.159,17.794,438.613,16.626,

[2024-11-01 21:04:03] ,3,54.571,418.51,-62.063,45.014,438.217,30.833,

[2024-11-01 21:04:04] ,3,45.014,438.217,30.833,17.794,438.547,16.991,

[2024-11-01 21:04:05] ,3,45.014,438.283,31.159,17.794,438.547,16.26,

[2024-11-01 21:04:06] ,3,45.014,438.217,30.833,17.794,438.547,16.26,

[2024-11-01 21:04:11] ,3,45.014,438.217,30.833,17.794,438.547,16.991,

[2024-11-01 21:04:12] ,3,45.014,438.217,30.833,17.794,438.481,16.626,

[2024-11-01 21:04:13] ,4,54.571,418.51,-62.063,45.014,438.217,30.833,

[2024-11-01 21:04:14] ,3,45.014,438.217,30.833,17.794,438.547,16.26,

[2024-11-01 21:04:19] ,3,45.014,438.283,31.159,17.794,438.547,16.991,

[2024-11-01 21:04:20] ,3,45.014,438.217,30.833,17.794,438.547,16.991,

[2024-11-01 21:04:21] ,3,45.014,438.217,30.833,17.794,438.481,16.626,

[2024-11-01 21:04:22] ,3,45.014,438.283,31.159,17.794,438.547,16.991,

[2024-11-01 21:04:23] ,3,45.014,438.217,30.833,17.794,438.481,16.626,

[2024-11-01 21:04:24] ,3,45.014,438.217,30.833,17.794,438.481,16.626,

[2024-11-01 21:04:25] ,3,45.014,438.283,31.159,17.794,438.547,16.991,

[2024-11-01 21:04:27] ,4,54.571,418.51,-62.063,45.014,438.217,30.833,

[2024-11-01 21:04:38] ,3,54.571,418.51,-62.063,45.014,438.217,30.833,

[2024-11-01 21:04:46] ,3,45.014,438.217,30.833,17.794,438.547,16.26,

[2024-11-01 21:05:00] ,3,45.014,438.217,30.833,17.794,438.547,16.991,

[2024-11-01 21:06:05] ,3,54.571,418.51,-62.063,45.014,438.217,30.833,

[2024-11-01 21:06:14] ,3,54.505,418.51,-62.403,45.014,438.217,30.833,

[2024-11-01 21:06:15] ,3,54.571,418.51,-62.063,45.014,438.217,30.833,

[2024-11-01 21:06:16] ,3,54.571,418.51,-62.063,45.014,438.217,30.833,

[2024-11-01 21:06:17] ,3,54.505,418.51,-62.403,45.014,438.217,30.833,

[2024-11-01 21:06:19] ,3,54.571,418.51,-62.063,45.014,438.217,30.833,

[2024-11-01 21:06:20] ,3,54.571,418.51,-62.063,45.014,438.217,30.833,

[2024-11-01 21:06:21] ,3,54.571,418.51,-62.063,45.014,438.217,30.833,

[2024-11-01 21:06:22] ,3,54.571,418.51,-62.063,45.014,438.217,30.833,

[2024-11-01 21:06:22] ,4,54.505,418.51,-62.403,45.014,438.217,30.833,

[2024-11-01 21:06:23] ,3,54.571,418.51,-62.063,45.014,438.283,31.159,

[2024-11-01 21:06:24] ,3,54.505,418.51,-62.403,45.014,438.217,30.833,

[2024-11-01 21:06:26] ,3,54.571,418.51,-62.063,45.014,438.283,31.159,

[2024-11-01 21:06:27] ,3,54.505,418.51,-62.403,45.014,438.217,30.833,

[2024-11-01 21:06:43] ,3,54.571,418.51,-62.063,45.014,438.217,30.833,

[2024-11-01 21:06:57] ,3,54.505,418.444,-62.58,45.014,438.217,30.833,

[2024-11-01 21:06:58] ,3,54.505,418.51,-62.403,45.014,438.283,31.159,

[2024-11-01 21:06:59] ,3,54.571,418.51,-62.063,45.014,438.283,31.159,

[2024-11-01 21:07:00] ,3,54.571,418.51,-62.063,45.014,438.217,30.833,

[2024-11-01 21:07:01] ,3,54.571,418.51,-62.063,45.014,438.217,30.833,

[2024-11-01 21:07:02] ,3,54.571,418.51,-62.063,45.014,438.283,31.159,

[2024-11-01 21:07:03] ,3,54.571,418.51,-62.063,45.014,438.283,31.159,

[2024-11-01 21:07:04] ,3,54.571,418.51,-62.063,45.014,438.217,30.833,

[2024-11-01 21:07:05] ,3,54.505,418.51,-62.403,45.014,438.217,30.833,

[2024-11-01 21:07:06] ,3,54.571,418.51,-62.063,45.014,438.217,30.833,

[2024-11-01 21:07:07] ,3,54.505,418.51,-62.403,45.014,438.217,30.833,

[2024-11-01 21:07:07] ,3,54.571,418.51,-62.063,45.014,438.217,30.833,

[2024-11-01 21:07:08] ,3,54.505,418.51,-62.403,45.014,438.217,30.833,

[2024-11-01 21:07:09] ,3,54.505,418.51,-62.403,45.014,438.217,30.833,

[2024-11-01 21:07:10] ,3,54.505,418.51,-62.403,45.014,438.217,30.833,

[2024-11-01 21:07:11] ,3,54.505,418.51,-62.403,45.014,438.217,30.833,

[2024-11-01 21:07:17] ,3,22.869,410.799,25.71,56.812,416.929,-13.109,

[2024-11-01 21:07:19] ,3,22.869,410.799,25.71,56.746,416.863,-13.57,

[2024-11-01 21:07:20] ,3,22.869,410.799,25.71,56.812,416.863,-13.481,

[2024-11-01 21:07:21] ,3,22.869,410.799,25.71,56.812,416.863,-13.481,

[2024-11-01 21:07:58] ,3,22.869,410.799,25.71,56.812,416.863,-13.481,

[2024-11-01 21:08:01] ,3,22.869,410.799,25.71,56.812,416.929,-13.109,

[2024-11-01 21:08:12] ,4,17.596,439.469,20.956,82.582,450.476,49.853,

[2024-11-01 21:08:16] ,4,17.596,439.469,20.956,82.516,450.476,50.145,

[2024-11-01 21:08:17] ,4,17.596,439.403,20.601,82.582,450.476,49.853,

[2024-11-01 21:08:18] ,4,17.596,439.469,20.956,82.516,450.476,50.145,

[2024-11-01 21:08:19] ,4,17.596,439.403,20.601,82.516,450.476,50.145,

[2024-11-01 21:08:20] ,4,17.596,439.469,20.956,82.582,450.476,49.853,

[2024-11-01 21:08:30] ,4,17.596,439.469,20.956,82.516,450.476,50.145,

[2024-11-01 21:08:31] ,4,17.596,439.403,20.601,82.516,450.476,50.145,

[2024-11-01 21:08:32] ,4,17.596,439.469,20.956,82.516,450.476,50.145,

[2024-11-01 21:08:37] ,3,17.596,439.403,20.601,82.582,450.476,49.853,

[2024-11-01 21:08:38] ,4,17.596,439.469,20.956,82.516,450.476,50.145,

[2024-11-01 21:08:39] ,4,17.596,439.469,20.956,82.516,450.476,50.145,

[2024-11-01 21:08:41] ,4,17.596,439.469,20.956,82.582,450.476,49.853,

[2024-11-01 21:08:47] ,3,17.596,439.403,20.601,82.516,450.476,50.145,

[2024-11-01 21:10:09] ,4,17.596,439.403,20.601,82.516,450.476,50.145,

[2024-11-01 21:10:50] ,4,17.596,439.469,20.956,82.582,450.476,49.853,

[2024-11-01 21:11:07] ,4,17.596,439.403,20.601,82.516,450.476,50.145,

[2024-11-01 21:11:07] ,3,17.596,439.469,20.956,82.582,450.476,49.853,

[2024-11-01 21:11:08] ,3,17.596,439.403,20.601,82.582,450.476,49.853,

[2024-11-01 21:11:10] ,4,17.596,439.469,20.956,82.516,450.476,50.145,

[2024-11-01 21:11:11] ,3,17.596,439.469,20.956,82.516,450.476,50.145,

[2024-11-01 21:11:12] ,3,17.596,439.469,20.956,82.516,450.476,50.145,

[2024-11-01 21:11:13] ,3,17.596,439.403,20.601,82.516,450.476,50.145,

[2024-11-01 21:11:14] ,3,17.596,439.469,20.956,82.516,450.476,50.145,

[2024-11-01 21:11:15] ,3,17.596,439.469,20.956,82.516,450.476,50.145,

[2024-11-01 21:11:16] ,3,17.596,439.469,20.956,82.582,450.476,49.853,

[2024-11-01 21:11:17] ,3,17.596,439.469,20.956,82.516,450.476,50.145,

[2024-11-01 21:11:28] ,3,17.596,439.469,20.956,82.516,450.476,50.145,

[2024-11-01 21:11:28] ,3,17.596,439.403,20.601,82.516,450.476,50.145,

[2024-11-01 21:11:29] ,3,17.596,439.469,20.956,82.516,450.476,50.145,

[2024-11-01 21:11:30] ,3,17.596,439.469,20.956,82.516,450.476,50.145,

[2024-11-01 21:11:31] ,3,17.596,439.469,20.956,82.516,450.476,50.145,

[2024-11-01 21:11:32] ,3,17.596,439.469,20.956,82.582,450.476,49.853,

[2024-11-01 21:11:33] ,3,17.596,439.403,20.601,82.516,450.476,50.145,

[2024-11-01 21:11:34] ,3,17.596,439.469,20.956,82.516,450.476,50.145,

[2024-11-01 21:11:34] ,3,17.596,439.469,20.956,82.516,450.476,50.145,

[2024-11-01 21:11:35] ,3,17.596,439.469,20.956,82.516,450.476,50.145,

[2024-11-01 21:11:36] ,3,17.596,439.469,20.956,82.582,450.476,49.853,

[2024-11-01 21:11:37] ,3,17.596,439.403,20.601,82.516,450.476,50.145,

[2024-11-01 21:11:37] ,3,17.596,439.469,20.956,82.582,450.476,49.853,

[2024-11-01 21:11:38] ,3,17.596,439.403,20.601,82.516,450.476,50.145,

[2024-11-01 21:11:39] ,3,17.596,439.469,20.956,82.516,450.476,50.145,

[2024-11-01 21:11:40] ,3,17.596,439.403,20.601,82.582,450.476,49.853,

[2024-11-01 21:11:40] ,3,17.596,439.469,20.956,82.582,450.476,49.853,

[2024-11-01 21:11:45] ,3,29.789,418.51,22.797,68.082,428.265,22.946,

[2024-11-01 21:11:46] ,3,29.921,418.576,23.148,68.148,428.265,22.797,

[2024-11-01 21:11:47] ,3,29.921,418.576,23.148,68.148,428.265,22.797,

[2024-11-01 21:11:48] ,3,29.855,418.51,22.649,68.082,428.265,22.946,

[2024-11-01 21:11:49] ,3,29.855,418.51,22.649,68.082,428.331,23.299,

[2024-11-01 21:11:52] ,3,66.369,421.938,-31.557,28.998,423.717,-52.292,

[2024-11-01 21:11:54] ,3,66.369,421.938,-31.557,28.932,423.717,-52.595,

[2024-11-01 21:11:55] ,3,66.369,421.938,-31.557,28.998,423.717,-52.292,

[2024-11-01 21:11:58] ,3,38.028,424.244,-36.336,3.689,426.947,-53.13,

[2024-11-01 21:12:00] ,3,38.028,424.244,-36.336,3.689,426.947,-53.13,

[2024-11-01 21:12:01] ,3,38.028,424.244,-36.336,3.689,426.947,-53.13,

[2024-11-01 21:12:07] ,3,71.246,456.606,-43.1,19.837,464.844,74.416,

[2024-11-01 21:12:09] ,3,71.246,456.606,-43.1,19.837,464.844,74.416,

[2024-11-01 21:12:10] ,3,71.246,456.54,-43.379,19.837,464.844,74.416,

[2024-11-01 21:12:11] ,3,71.312,456.606,-42.839,19.837,464.844,74.416,

[2024-11-01 21:12:21] ,3,47.387,468.403,77.347,2.832,472.819,33.901,

[2024-11-01 21:12:23] ,3,47.387,468.403,77.347,2.832,472.819,33.901,

[2024-11-01 21:12:24] ,3,47.387,468.403,77.347,2.898,472.819,33.69,

[2024-11-01 21:12:29] ,3,90.689,475.456,-74.476,66.105,482.508,-12.653,

[2024-11-01 21:12:30] ,3,90.689,475.39,-74.373,66.105,482.574,-12.281,

[2024-11-01 21:12:39] ,3,38.423,494.833,27.759,-5.406,497.469,-3.053,

[2024-11-01 21:14:58] ,3,53.714,403.088,-85.749,69.598,413.172,-50.738,

[2024-11-01 21:15:08] ,3,46.069,417.522,30.833,58.657,445.994,71.445,

[2024-11-01 21:15:20] ,3,34.93,468.008,-22.153,77.969,472.292,34.33,

[2024-11-01 21:15:32] ,3,55.757,485.803,-10.339,38.819,499.381,33.584,

[2024-11-01 21:15:44] ,3,11.137,507.356,54.507,30.382,515.199,-49.357,

[2024-11-01 21:15:59] ,3,1.251,428.528,-34.961,-11.997,452.585,-38.243,

[2024-11-01 21:16:11] ,3,71.641,435.581,44.459,-8.504,452.651,-38.779,

[2024-11-01 21:16:22] ,3,37.698,487.978,4.574,-3.627,498.524,38.779,

[2024-11-01 21:16:34] ,3,84.098,502.742,4.635,29.789,514.54,-76.057,

[2024-11-01 21:16:50] ,3,12.06,413.765,-81.924,30.185,498.062,-14.221,

[2024-11-01 21:17:10] ,3,27.417,436.24,-35.493,70.521,496.481,-6.553,

[2024-11-01 21:17:28] ,3,39.082,418.972,4.986,44.619,432.022,-4.222,

[2024-11-01 21:23:34] ,4,35.194,418.51,74.476,80.539,427.803,-65.333,

[2024-11-01 21:24:02] ,3,35.589,421.74,83.112,75.201,454.431,-89.615,

[2024-11-01 21:24:08] ,3,35.589,421.74,83.112,75.201,454.431,-89.615,

[2024-11-01 21:24:19] ,3,35.589,421.74,83.112,75.201,454.431,-89.615,

[2024-11-01 21:24:26] ,3,35.589,421.74,83.112,75.201,454.431,-89.615,

[2024-11-01 21:24:35] ,4,35.589,421.74,83.112,75.201,454.431,-89.615,

[2024-11-01 21:24:42] ,4,35.589,421.74,83.112,75.201,454.431,-89.615,

[2024-11-01 21:24:58] ,3,35.589,421.74,83.112,75.201,454.431,-89.615,

[2024-11-01 21:26:55] ,4,35.457,421.279,81.545,74.739,454.233,89.226,

[2024-11-01 21:27:21] ,4,35.787,421.279,80.412,74.476,453.903,90,

[2024-11-01 21:28:04] ,4,35.919,421.081,81.107,74.344,453.772,90,

[2024-11-01 21:28:08] ,4,51.671,438.019,-87.709,15.026,453.706,79.287,

[2024-11-01 21:28:14] ,4,53.253,417.785,90,19.969,423.256,80.412,

[2024-11-01 21:28:21] ,4,53.253,417.785,90,5.732,490.681,78.092,

[2024-11-01 21:28:25] ,4,74.871,448.763,82.355,20.43,505.378,-82.304,

[2024-11-01 21:28:57] ,3,55.164,402.56,30.897,-13.315,405.856,2.322,

[2024-11-01 21:29:06] ,3,56.351,428.924,77.264,-12.59,430.769,-67.557,

[2024-11-01 21:29:19] ,3,9.094,442.567,-25.545,44.619,447.972,-27.072,

[2024-11-01 21:29:31] ,4,-7.12,462.01,16.991,84.56,504.324,87.292,

[2024-11-01 21:29:45] ,3,88.514,424.178,68.27,4.151,434.658,-41.222,

[2024-11-01 21:29:55] ,4,54.044,441.578,-76.891,29.921,500.106,-13.109,

[2024-11-01 21:30:09] ,3,15.882,467.349,-36.946,12.917,502.149,-86.16,

[2024-11-01 21:30:21] ,3,62.217,420.224,-46.081,-12.854,516.122,-68.127,

[2024-11-01 21:30:41] ,3,16.146,433.801,-47.956,-12.392,496.283,5.332,

[2024-11-01 21:30:53] ,3,29.657,423.651,80.036,-8.438,465.833,83.911,

[2024-11-01 21:31:04] ,3,-4.088,490.483,-46.081,43.894,493.647,13.109,

[2024-11-01 21:31:26] ,3,0.064,445.665,36.027,76.387,455.353,17.468,

[2024-11-01 21:31:36] ,3,-1.122,465.767,50.925,46.662,470.513,73.12,

[2024-11-01 21:31:48] ,3,-13.908,495.097,61.725,3.03,508.015,-41.186,

[2024-11-01 21:37:00] ,3,32.689,439.206,43.919,-7.713,456.21,27.759,

[2024-11-01 21:37:09] ,3,59.053,476.247,-32.005,4.48,499.183,19.398,

[2024-11-01 21:37:22] ,3,25.967,508.476,-59.496,46.069,509.86,-17.832,

[2024-11-01 21:37:36] ,3,46.662,404.142,33.476,4.085,410.338,-75.217,

[2024-11-01 21:37:47] ,3,3.755,491.867,-1.897,15.948,504.983,-43.919,

[2024-11-01 21:38:03] ,3,-13.183,422.333,-13.851,-10.086,459.176,-46.621,

[2024-11-01 21:38:17] ,4,68.544,441.117,55.039,86.207,463.658,42.558,

[2024-11-01 21:38:38] ,3,3.557,410.667,-43.643,4.678,497.799,55.353,

[2024-11-01 21:38:58] ,3,76.321,406.383,63.435,11.137,415.281,-31.884,

[2024-11-01 21:39:09] ,3,-2.242,438.942,-77.638,34.007,464.383,-4.514,

[2024-11-01 21:39:21] ,3,-2.308,478.356,75.779,29.13,497.008,78.465,

[2024-11-01 21:39:37] ,3,26.757,468.206,-8.344,-2.177,486.397,-21.943,

[2024-11-01 21:39:49] ,3,11.796,506.235,11.16,33.678,508.344,-28.457,

[2024-11-01 21:41:12] ,3,9.555,400.056,-51.28,56.878,416.335,-1.153,

[2024-11-01 21:41:18] ,3,9.621,400.122,-50.738,56.944,416.335,-1.146,

[2024-11-01 21:41:27] ,3,54.505,432.878,-6.888,72.894,470.71,13.851,

[2024-11-01 21:41:39] ,3,-13.447,505.312,12.736,43.301,513.485,13.57,

[2024-11-01 21:41:53] ,3,-10.547,408.822,-24.158,17.86,414.556,-64.123,

[2024-11-01 21:42:04] ,3,85.087,463.658,64.29,81.066,489.165,-80.789,

[2024-11-01 21:42:17] ,3,-5.406,499.974,74.476,32.887,510.124,21.943,

[2024-11-01 21:42:31] ,3,46.135,412.249,37.639,32.887,417.785,27.42,

[2024-11-01 21:42:41] ,3,-12.92,436.965,-15.524,-9.361,451.992,-27.937,

[2024-11-01 21:42:53] ,3,1.053,462.274,-26.906,69.137,473.808,-20.601,

[2024-11-01 21:43:05] ,3,31.832,478.158,77.347,7.578,481.453,35.272,

[2024-11-01 21:43:18] ,3,1.119,503.731,29.129,39.742,519.351,10.03,

[2024-11-01 21:43:32] ,3,11.73,399.331,-15.154,60.767,443.885,63.947,

[2024-11-01 21:51:32] ,3,27.614,414.358,63.263,50.221,415.479,57.588,

[2024-11-01 21:51:42] ,3,27.614,414.358,63.263,50.221,415.479,57.588,

[2024-11-01 21:51:51] ,4,2.239,416.665,57.588,81.001,425.76,57.913,

[2024-11-01 21:52:03] ,3,40.862,443.688,53.13,15.817,446.456,57.995,

[2024-11-01 21:52:13] ,3,74.739,449.224,55.886,-12.722,454.628,64.455,

[2024-11-01 21:52:25] ,3,41.719,475.258,55.784,18.321,476.642,60.725,

[2024-11-01 21:52:37] ,3,64.26,478.158,54.728,-4.088,482.178,65.493,

[2024-11-01 21:52:49] ,3,47.98,500.831,77.719,75.201,504.719,69.265,

[2024-11-01 21:53:01] ,3,20.694,504.785,72.168,-1.847,507.422,71.2,

[2024-11-01 21:53:23] ,3,-8.57,478.949,-23.148,2.305,511.244,-45,

[2024-11-01 21:54:39] ,3,67.819,410.008,54.284,46.992,413.633,60.018,

[2024-11-01 21:54:48] ,3,11.862,418.774,66.194,-4.286,433.999,67.703,

[2024-11-01 21:55:00] ,3,78.43,444.017,63.947,28.669,451.201,67.148,

[2024-11-01 21:55:12] ,3,54.769,453.706,70.244,0.328,463.394,63.605,

[2024-11-01 21:55:24] ,3,89.437,474.797,64.123,65.973,481.651,66.852,

[2024-11-01 21:55:36] ,3,40.862,485.935,69.756,14.235,486.726,-81.601,

[2024-11-01 21:55:49] ,3,-7.713,497.403,62.58,66.764,511.047,57.913,

[2024-11-01 21:56:09] ,3,15.619,446.588,-3.84,80.869,459.308,72.3,

[2024-11-01 21:56:20] ,3,44.355,458.517,-5.673,2.767,477.565,-10.713,

[2024-11-01 21:56:32] ,3,56.812,463.328,-3.814,9.885,474.072,11.086,

[2024-11-01 21:56:52] ,3,-1.122,446.983,0,49.892,453.376,20.601,

[2024-11-01 21:57:02] ,3,49.364,488.835,87.346,17.662,492.856,86.947,

[2024-11-01 22:04:28] ,3,80.048,415.64,45.815,50.746,415.942,53.437,

[2024-11-01 22:04:37] ,3,36.378,420.028,53.437,12.825,423.084,64.983,

[2024-11-01 22:04:49] ,3,-7.653,430.445,70.475,88.379,443.625,53.13,

[2024-11-01 22:05:01] ,3,64.253,448.506,70.115,47.395,454.159,74.211,

[2024-11-01 22:05:13] ,3,26.468,456.434,64.96,7.129,461.998,57.47,

[2024-11-01 22:05:25] ,3,83.656,476.029,59.3,40.273,489.094,55.257,

[2024-11-01 22:05:38] ,3,59.489,490.838,64.983,16.17,492.436,60.539,

[2024-11-01 22:05:50] ,3,-3.809,494.818,58.116,9.574,520.386,77.264,

[2024-11-01 22:06:02] ,4,65.758,458.6,-40.684,55.27,522.343,64.983,

[2024-11-01 22:08:58] ,3,64.019,408.339,60.16,39.068,408.551,50.145,

[2024-11-01 22:09:07] ,3,18.523,422.022,55.039,-5.565,422.598,64.636,

[2024-11-01 22:09:20] ,3,72.349,440.209,67.203,45.523,445.151,67.001,

[2024-11-01 22:09:32] ,3,23.906,448.909,67.148,6.085,451.048,60.208,

[2024-11-01 22:09:44] ,3,-7.837,463.286,56.099,82.821,470.411,83.112,

[2024-11-01 22:11:29] ,3,23.753,405.37,43.363,64.716,418.175,52.595,

[2024-11-01 22:11:38] ,3,8.829,425.551,53.664,-13.496,429.81,58.643,

[2024-11-01 22:11:50] ,3,34.181,432.478,65.304,80.483,443.067,56.735,

[2024-11-01 22:12:02] ,3,21.192,447.999,46.071,54.621,452.106,67.703,

[2024-11-01 22:12:14] ,3,1.853,457.701,56.416,82.268,472.06,58.116,

[2024-11-01 22:12:26] ,3,51.089,476.112,39.075,23.084,477.791,58.713,

[2024-11-01 22:13:50] ,3,58.084,401.552,55.353,23.918,412.386,50.44,

[2024-11-01 22:14:11] ,3,58.084,401.552,55.353,23.918,412.386,50.44,

[2024-11-01 22:14:20] ,3,-1.528,420.037,49.357,54.446,431.751,78.465,

[2024-11-01 22:14:32] ,3,82.567,436.717,61.206,37.525,443.136,69.044,

[2024-11-01 22:14:44] ,3,13.469,451.835,56.31,-6.846,462.725,53.358,

[2024-11-01 22:14:56] ,3,45.491,468.52,54.418,88.611,468.637,57.381,

[2024-11-01 22:15:08] ,3,72.069,478.192,70.475,24.132,480.322,53.584,

[2024-11-01 22:15:20] ,3,8.976,496.928,54.197,49.204,502.243,71.686,

[2024-11-01 22:16:21] ,3,62.93,411.667,62.403,39.74,418.117,42.58,

[2024-11-01 22:16:31] ,3,16.621,426.867,77.264,-8.646,436.382,62.58,

[2024-11-01 22:16:43] ,3,61.85,440.429,58.318,84.959,440.717,64.983,

[2024-11-01 22:16:55] ,3,39.221,454.489,65.462,9.108,462.853,66.652,

[2024-11-01 22:17:07] ,3,74.898,466.861,47.161,-4.069,485.455,78.092,

[2024-11-01 22:17:19] ,3,22.469,486.335,63.605,49.904,487.044,76.977,

[2024-11-01 22:17:31] ,3,75.07,496.348,53.746,40.887,515.371,57.707,

[2024-11-01 22:20:05] ,3,61.365,407.914,42.016,32.343,417.458,57.265,

[2024-11-01 22:20:14] ,3,4.539,430.004,41.222,78.49,438.818,32.943,

[2024-11-01 22:20:26] ,3,48.101,443.8,49.316,27.197,451.956,36.111,

[2024-11-01 22:20:38] ,3,6.159,460.355,43.655,71.378,472.469,54.197,

[2024-11-01 22:20:50] ,3,50.351,478.939,58.195,27.688,484.73,58.841,

[2024-11-01 22:23:26] ,3,42.094,405.33,64.123,12.864,413.542,68.412,

[2024-11-01 22:23:35] ,3,61.763,414.455,59.3,34.118,434.66,63.947,

[2024-11-01 22:23:47] ,3,4.417,437.886,75.315,80.137,440.895,57.47,

[2024-11-01 22:23:59] ,3,63.783,454.216,56.416,41.226,459.435,54.331,

[2024-11-01 22:24:11] ,3,12.381,429.626,57.265,27.245,474.337,53.281,

[2024-11-01 22:26:17] ,3,65.876,491.481,60.684,45.524,495.333,67.703,

[2024-11-01 22:27:51] ,3,66.818,491.998,56.416,45.742,495.799,65.999,

[2024-11-01 22:29:53] ,3,64.535,491.439,61.543,43.228,497.42,49.853,

[2024-11-01 22:31:33] ,3,64.459,490.576,63.947,41.997,497.37,44.728,

[2024-11-01 22:32:40] ,3,64.253,491.428,62.241,42.128,497.764,44.728,

[2024-11-01 22:33:48] ,3,62.565,492.364,52.9,42.364,497.764,44.728,

[2024-11-01 22:34:53] ,3,63.831,493.032,52.292,43.749,497.759,45,

[2024-11-01 22:35:49] ,3,60.302,492.853,55.353,40.743,497.759,45,

[2024-11-01 22:36:53] ,3,58.65,493.702,55.886,41.073,497.759,45,

[2024-11-01 22:38:09] ,3,58.141,493.827,50.145,40.604,497.981,37.708,

[2024-11-01 22:39:43] ,3,57.524,494.538,52.292,40.33,498.86,30.639,

[2024-11-01 22:41:11] ,3,40.737,482.406,-79.357,61.831,482.809,-64.29,

[2024-11-01 22:42:17] ,3,38.82,479.409,-69.887,59.043,480.625,-64.29,

[2024-11-01 22:44:36] ,3,69.423,493.846,-65.842,44.502,499.686,-47.956,

[2024-11-01 22:45:40] ,3,73.468,494.173,-65.999,46.581,499.686,-47.956,

[2024-11-01 22:47:03] ,3,74.804,497.023,-66.852,48.002,502.545,-46.621,

[2024-11-01 22:49:41] ,3,19.088,401.672,40.643,-1.172,414.295,-46.357,

[2024-11-01 22:49:51] ,3,60.346,421.243,68.057,17.322,431.942,-51.221,

[2024-11-01 22:50:03] ,3,79.581,433.512,-71.323,-4.361,454.605,-63.435,

[2024-11-01 22:50:16] ,3,67.708,461.648,-67.847,88.475,462.279,-77.264,

[2024-11-01 22:50:28] ,3,14.005,470.808,-56.31,34.233,471.025,-59.036,

[2024-11-01 22:50:40] ,3,74.144,494.936,-63.778,18.585,499.381,-24.855,

[2024-11-01 22:51:02] ,3,33.012,428.475,88.472,58.799,447.126,84.668,

[2024-11-01 22:51:12] ,3,2.285,465.879,-47.701,38.345,473.316,-32.849,

[2024-11-01 22:51:25] ,3,-1.49,492.535,38.243,34.299,494.168,-46.882,

[2024-11-01 22:51:45] ,4,8.84,429.084,-64.29,39.61,444.544,22.297,

[2024-11-01 22:52:59] ,3,-7.997,413.816,-62.92,69.529,415.221,-84.98,

[2024-11-01 22:53:08] ,3,32.957,415.932,81.924,13.836,416.044,79.216,

[2024-11-01 22:53:20] ,3,6.916,437.211,67.001,34.093,443.809,78.17,

[2024-11-01 22:53:32] ,3,-5.595,445.736,-73.374,54.111,446.922,85.079,

[2024-11-01 22:53:45] ,3,74.808,454.436,85.014,19.268,463.812,-80.166,

[2024-11-01 22:53:58] ,3,35.259,466.694,-85.079,-5.933,467.217,27.245,

[2024-11-01 22:54:11] ,3,55.978,473.017,-89.236,-11.533,484.971,-76.149,

[2024-11-01 22:54:24] ,3,71.513,485.673,69.756,22.662,487.027,-48.24,

[2024-11-01 22:54:36] ,3,2.365,491.668,85.426,28.706,504.697,-59.496,

[2024-11-01 22:54:49] ,3,60.112,507.349,81.87,44.537,513.702,-57.057,

[2024-11-01 22:55:02] ,3,12.037,448.997,83.157,43.354,455.157,30.964,

[2024-11-01 22:55:15] ,3,31.886,467.68,30.964,5.864,483.365,20.244,

[2024-11-01 22:57:40] ,3,74.417,406.212,60.495,22.264,409.276,-66.349,

[2024-11-01 22:57:50] ,3,-8.821,416.842,63.263,39.966,416.915,90,

[2024-11-01 22:58:02] ,3,69.389,429.351,79.592,20.715,436,-80.036,

[2024-11-01 22:58:15] ,3,44.217,437.439,88.472,76.792,459.658,72.532,

[2024-11-01 22:58:27] ,3,61.202,459.676,-86.967,17.183,460.483,-78.247,

[2024-11-01 22:58:40] ,3,-2.595,463.526,89.236,41.611,468.835,-83.202,

[2024-11-01 22:58:53] ,3,86.428,485.54,-89.226,16.589,486.262,73.846,

[2024-11-01 22:59:06] ,3,67.132,488.548,71.2,-6.97,490.977,87.328,

[2024-11-01 22:59:18] ,3,52.383,502.311,79.661,33.791,504.408,-84.251,

[2024-11-01 22:59:39] ,3,75.944,433.438,87.31,18.848,445.335,-28.944,

[2024-11-01 22:59:50] ,3,47.914,445.665,22.649,86.574,463.438,-59.496,

[2024-11-01 23:00:02] ,3,48.624,472.646,-72.284,35.497,478.526,-86.967,

