[2024-10-22 08:53:14] ,3,40.226,478.078,-83.517,42.467,498.048,21.405,

[2024-10-22 08:58:49] ,3,14.719,441.762,-22.357,39.896,478.21,-78.857,

[2024-10-22 08:58:55] ,3,14.719,441.762,-22.357,39.896,478.21,-78.857,

[2024-10-22 09:01:07] ,3,14.719,441.762,-22.357,39.962,478.21,-79.276,

[2024-10-22 09:05:03] ,2,-11.644,431.217,22.58,16.235,474.387,-45.365,

[2024-10-22 09:05:19] ,1,37.458,434.38,-2.579,48.201,499.696,-78.486,

[2024-10-22 09:05:37] ,3,52.683,431.678,52.275,23.749,445.057,-54.067,

[2024-10-22 09:05:55] ,2,43.192,433.26,2.083,62.174,442.882,62.049,

[2024-10-22 09:06:14] ,2,60.185,468.323,147.885,-5.658,499.037,41.285,

[2024-10-22 09:06:32] ,1,41.731,459.623,-55.465,61.833,470.169,83.774,

[2024-10-22 09:06:51] ,2,52.21,457.119,137.936,-0.254,484.932,-58.325,

[2024-10-22 09:07:09] ,1,21.167,439.521,18.435,2.317,496.335,17.447,

[2024-10-22 09:07:34] ,3,-11.985,462.985,31.915,25.385,484.207,-70.489,

[2024-10-22 09:07:52] ,2,43.37,437.873,-106.798,59.188,446.507,67.141,

[2024-10-22 09:08:17] ,1,-2.964,425.944,-23.199,25.575,432.073,6.226,

[2024-10-22 09:08:34] ,1,-4.15,456.262,-88.452,11.338,473.135,32.829,

[2024-10-22 09:08:53] ,4,19.247,465.226,27.711,8.9,481.176,36.973,

[2024-10-22 09:09:07] ,1,7.911,438.598,47.553,34.802,453.098,0,

[2024-10-22 09:09:23] ,2,-0.789,464.501,-80.538,3.561,490.007,177.859,

[2024-10-22 09:11:29] ,2,62.742,466.148,-155.985,-1.124,476.562,-175.878,

[2024-10-22 09:11:52] ,4,30.974,427.987,-17.292,3.951,478.935,-15.164,

[2024-10-22 09:12:07] ,3,19.703,433.392,-61.526,-7.451,459.096,-6.809,

[2024-10-22 09:12:22] ,3,-6.926,438.796,53.815,49.492,475.837,-58.085,

[2024-10-22 09:12:40] ,2,49.624,461.139,143.027,36.244,484.207,38.82,

[2024-10-22 09:12:58] ,1,-9.496,426.735,-5.148,47.647,435.435,-24.955,

[2024-10-22 09:13:15] ,4,43.428,443.278,-38.1,-6.333,489.085,71.4,

[2024-10-22 09:13:31] ,1,4.41,439.653,85.365,62.938,458.701,-78.589,

[2024-10-22 09:13:47] ,3,28.994,476.628,63.435,5.069,493.962,14.349,

[2024-10-22 09:14:06] ,3,35.783,487.437,-39.86,50.744,492.446,-45,

[2024-10-22 09:14:30] ,2,23.326,434.051,92.083,48.438,458.107,112.659,

[2024-10-22 09:14:48] ,2,13.572,429.239,159.749,54.303,475.244,-16.65,

[2024-10-22 09:15:06] ,3,30.906,426.801,-29.427,22.008,494.291,-11.976,

[2024-10-22 09:15:23] ,1,13.835,440.246,35.417,38.09,449.539,-24.487,

[2024-10-22 09:15:41] ,2,38.749,426.207,22.58,53.447,460.744,-126.973,

[2024-10-22 09:16:02] ,2,36.769,429.964,160.416,57.728,477.353,-51.582,

[2024-10-22 09:16:24] ,2,37.956,466.017,106.157,20.885,490.337,159.928,

[2024-10-22 09:16:42] ,2,-8.906,472.476,-104.036,50.61,489.216,-65.985,

[2024-10-22 09:17:06] ,1,54.499,482.373,37.694,30.772,482.703,8.202,

[2024-10-22 09:17:24] ,2,27.41,451.594,172.304,43.426,474.728,154.359,

[2024-10-22 09:17:41] ,3,18.117,468.862,76.273,30.903,483.955,52.792,

[2024-10-22 09:18:06] ,1,17.356,431.36,-74.338,-3.274,443.751,-12.529,

[2024-10-22 09:18:24] ,2,46.624,447.705,-90,2.728,454.494,124.695,

[2024-10-22 09:18:42] ,2,45.517,478.419,-42.064,7.619,491.93,134.265,

[2024-10-22 09:19:00] ,3,-0.685,431.03,-13.314,50.856,431.228,12.899,

[2024-10-22 09:19:17] ,2,59.094,426.285,114.228,32.203,495.819,129.144,

[2024-10-22 09:19:34] ,3,-5.562,457.064,-75.757,52.108,477.826,-23.143,

[2024-10-22 09:19:51] ,1,28.247,438.214,43.905,45.251,479.342,46.824,

[2024-10-22 09:20:08] ,3,46.372,495.885,30.01,6.892,497.137,23.703,

[2024-10-22 09:20:25] ,1,-9.651,446.453,39.472,32.003,448.232,2.045,

[2024-10-22 09:20:42] ,3,0.763,474.262,-39.259,50.656,494.035,17.632,

[2024-10-22 09:21:00] ,1,6.628,440.253,-30.964,-11.035,498.451,15.301,

[2024-10-22 09:21:21] ,1,15.128,430.894,-48.668,59.288,461.212,-45.735,

[2024-10-22 09:21:45] ,2,26.174,469.121,-144.462,30.919,493.441,44.63,

[2024-10-22 09:22:10] ,3,37.906,484.939,-70.489,61.172,494.694,-81.448,

[2024-10-22 09:22:29] ,1,48.253,448.294,17.942,2.71,465.562,-28.652,

[2024-10-22 09:22:56] ,2,19.253,446.482,0,47.858,494.069,-20.072,

[2024-10-22 09:23:13] ,3,-10.701,463.026,6.387,37.017,499.803,-14.243,

[2024-10-22 09:23:33] ,1,48.551,463.948,-20.376,59.36,486.951,-19.584,

[2024-10-22 09:23:57] ,1,41.301,431.521,7.836,12.038,455.117,71.565,

[2024-10-22 09:24:21] ,2,2.481,455.38,-104.036,32.338,464.014,35.838,

[2024-10-22 09:24:46] ,2,7.753,440.287,-101.514,50.858,496.771,-17.942,

[2024-10-22 09:25:10] ,3,-10.24,437.848,72.108,19.222,441.935,-76.273,

[2024-10-22 09:25:29] ,2,34.249,476.998,37.381,36.951,490.707,37.6,

[2024-10-22 09:25:45] ,1,44.069,456.698,-38.418,48.09,494.53,23.54,

[2024-10-22 09:26:06] ,1,59.228,492.355,51.988,-8.658,493.014,54.28,

[2024-10-22 09:47:46] ,1,40.906,465.267,-4.635,21.792,468.892,-9.8,

[2024-10-22 09:47:48] ,1,40.906,465.267,-4.635,21.792,468.892,-9.8,

[2024-10-22 09:49:54] ,3,47.76,458.478,0.849,10.588,462.63,3.814,

[2024-10-22 09:51:47] ,1,49.474,457.489,-38.418,22.385,461.18,41.719,

[2024-10-22 09:52:07] ,1,25.153,459.467,60.698,51.847,459.532,83.83,

[2024-10-22 09:53:12] ,1,57.581,462.037,66.666,12.96,472.187,48.281,

[2024-10-22 09:54:27] ,1,36.819,449.844,-77.082,12.96,472.187,48.281,

[2024-10-22 09:57:03] ,1,35.369,469.419,-8.785,9.994,471.528,-2.083,

[2024-10-22 09:58:23] ,1,43.443,465.135,4.122,15.431,468.035,-1.548,

[2024-10-22 09:59:22] ,1,31.777,439.694,13.151,13.784,467.31,7.253,

[2024-10-22 10:01:49] ,1,51.813,487.346,65.513,6.6,494.794,83.199,

[2024-10-22 10:03:41] ,3,50.956,448.592,-35.34,2.184,458.214,18.166,

[2024-10-22 10:04:48] ,3,37.775,444.176,-87.455,1.656,459.269,60.781,

[2024-10-22 10:06:56] ,3,38.17,465.662,-79.771,-4.209,482.337,-25.61,

[2024-10-22 10:09:24] ,3,38.302,466.189,-88.303,16.486,471.923,-61.902,

[2024-10-22 10:09:25] ,3,38.302,466.189,-88.303,16.486,471.923,-61.902,

[2024-10-22 10:09:26] ,3,38.302,466.189,-88.303,16.486,471.923,-61.902,

[2024-10-22 10:11:45] ,1,12.795,467.112,16.157,50.231,468.628,-19.242,

[2024-10-22 10:12:02] ,2,15.893,425.326,16.949,57.877,474.098,178.452,

[2024-10-22 10:12:27] ,2,44.497,438.903,-11.411,29.734,482.667,-144.881,

[2024-10-22 10:12:54] ,1,13.322,449.251,-34.403,59.393,486.028,62.969,

[2024-10-22 10:13:16] ,1,-11.855,483.26,-13.033,23.934,487.676,-36.56,

[2024-10-22 10:13:35] ,2,44.365,441.869,40.601,23.209,497.628,37.284,

[2024-10-22 10:13:54] ,1,29.668,434.421,79.095,21.759,497.891,-40.992,

[2024-10-22 10:14:21] ,1,57.547,431.851,42.064,-2.364,449.185,-87.553,

[2024-10-22 10:14:39] ,1,-3.089,433.696,22.38,48.65,468.167,1.548,

[2024-10-22 10:14:56] ,1,-2.1,433.894,50.128,41.07,470.935,29.105,

[2024-10-22 10:15:14] ,2,39.554,426.644,-37.6,33.556,443.319,-171.724,

[2024-10-22 10:15:32] ,2,30.986,440.748,-111.705,-0.057,476.603,161.075,

[2024-10-22 10:15:51] ,2,-4.078,499.341,50.528,51.154,499.869,-161.4,

[2024-10-22 10:16:16] ,1,54.779,445.428,-7.253,49.177,491.169,28.405,

[2024-10-22 10:16:34] ,2,12.4,430.269,-97.319,-3.023,458.017,-108.435,

[2024-10-22 10:16:54] ,1,-12.778,474.757,-68.295,19.65,499.671,-59.036,

[2024-10-22 10:17:19] ,2,54.977,452.019,-174.289,-1.639,473.439,107.292,

[2024-10-22 10:17:37] ,2,35.072,456.501,90,48.979,489.785,-165.336,

[2024-10-22 10:17:56] ,1,35.468,435.607,87.421,-11.723,492.355,3.641,

[2024-10-22 10:18:20] ,1,32.436,444.373,67.816,57.547,476.867,15.662,

[2024-10-22 10:18:38] ,3,25.252,431.917,15.887,-1.441,435.673,86.158,

[2024-10-22 10:18:55] ,1,5.15,468.496,-2.556,-7.307,489.785,-35.119,

[2024-10-22 10:19:12] ,3,16.684,434.421,-23.143,37.775,454.326,-36.87,

[2024-10-22 10:19:29] ,3,-8.164,443.582,-74.932,10.818,447.01,59.255,

[2024-10-22 10:19:49] ,2,-4.473,474.362,-80.112,61.897,493.673,-114.702,

[2024-10-22 10:20:06] ,2,61.37,431.785,116.105,31.25,446.153,-36.973,

[2024-10-22 10:20:24] ,2,54.911,433.894,-95.711,34.479,458.28,174.852,

[2024-10-22 10:20:44] ,1,6.336,430.269,66.46,42.915,470.869,87.955,

[2024-10-22 10:21:04] ,3,59.261,444.703,12.391,17.409,474.362,18.435,

[2024-10-22 10:21:22] ,2,29.997,427.435,-139.059,38.631,451.294,44.265,

[2024-10-22 10:25:21] ,1,-3.748,477.723,18.759,19.122,494.926,-32.391,

[2024-10-22 10:25:22] ,2,38.104,451.557,-58.158,35.534,495.585,163.051,

[2024-10-22 10:25:39] ,1,53.527,459.269,-30.7,58.272,474.955,-27.924,

[2024-10-22 10:25:56] ,1,6.204,469.617,48.668,9.5,489.191,63.204,

[2024-10-22 10:26:14] ,1,20.375,430.598,41.719,-9.68,476.801,-77.471,

[2024-10-22 10:26:33] ,3,16.156,437.255,17.354,-12.25,443.78,-47.411,

[2024-10-22 10:26:52] ,3,-1.244,439.232,20.854,7.127,456.896,85.307,

[2024-10-22 10:27:10] ,3,10.686,455.973,21.801,-6.78,492.882,-27.324,

[2024-10-22 10:27:30] ,3,56.69,485.039,-6.435,17.672,498.155,3.391,

[2024-10-22 10:27:47] ,2,9.829,466.98,-4.122,35.204,491.894,-81.135,

[2024-10-22 10:28:05] ,3,26.043,443.319,-21.644,52.143,483.26,-2.564,

[2024-10-22 10:28:29] ,1,37.445,435.476,51.582,49.243,447.471,40.267,

[2024-10-22 10:28:47] ,1,30.525,431.587,27.031,40.345,458.61,-32.115,

[2024-10-22 10:29:05] ,1,48.056,448.921,-14.664,-8.164,467.837,-38.741,

[2024-10-22 10:29:24] ,1,12.861,443.846,-59.744,60.118,445.428,-35.838,

[2024-10-22 10:29:45] ,2,30.788,432.18,-108.6,39.62,494.794,-150.385,

[2024-10-22 10:30:10] ,2,3.304,470.078,85.878,44.629,487.61,-58.325,

[2024-10-22 10:30:28] ,2,30.656,460.06,-85.914,32.238,495.782,65.298,

[2024-10-22 10:30:46] ,3,29.734,438.31,-47.386,35.731,488.203,28.644,

[2024-10-22 10:31:04] ,1,9.829,481.678,40.601,50.825,482.732,-18.759,

[2024-10-22 10:31:21] ,2,14.377,427.896,91.051,55.9,484.644,-18.435,

[2024-10-22 10:31:41] ,3,51.286,441.737,84.459,48.386,489.191,80.116,

[2024-10-22 10:31:58] ,2,54.054,479.305,100.397,54.515,493.541,-136.469,

[2024-10-22 10:32:16] ,1,27.031,455.512,-77.082,-8.625,489.191,-71.896,

[2024-10-22 10:32:34] ,2,28.943,480.162,38.012,-12.712,486.621,115.174,

[2024-10-22 10:32:58] ,2,18.99,432.905,-116.796,-2.957,473.373,-162.216,

[2024-10-22 10:33:16] ,3,7.72,438.639,-16.699,-11.591,465.267,31.691,

[2024-10-22 10:33:33] ,1,2.447,468.826,46.095,51.352,481.612,83.26,

[2024-10-22 10:33:51] ,2,18.595,444.176,153.667,-7.044,445.362,-1.051,

[2024-10-22 10:34:15] ,2,14.575,427.632,-77.471,26.109,433.367,11.915,

[2024-10-22 10:34:33] ,2,37.84,446.812,-47.899,18.99,487.544,15.164,

[2024-10-22 10:34:53] ,1,22.154,480.228,-18.273,23.802,498.616,-56.454,

[2024-10-22 10:35:12] ,3,23.802,455.776,-52.535,61.831,492.223,-49.538,

[2024-10-22 10:35:29] ,2,48.254,440.353,-14.162,-6.516,474.626,23.54,

[2024-10-22 10:35:53] ,2,40.477,482.667,-155.045,46.013,493.146,-146.454,

[2024-10-22 10:36:10] ,3,27.295,452.217,-51.009,6.731,484.578,-3.391,

[2024-10-22 10:36:29] ,1,20.045,439.826,44.265,14.904,485.369,54.881,

[2024-10-22 10:36:48] ,1,48.254,447.537,16.302,-2.232,484.776,68.295,

[2024-10-22 10:37:19] ,2,12.07,486.423,-62.049,-10.866,492.091,36.87,

[2024-10-22 10:37:38] ,1,56.361,467.376,67.141,25.384,483.721,-41.719,

[2024-10-22 10:37:55] ,3,12.531,450.305,-56.192,19.32,499.078,52.275,

[2024-10-22 10:38:20] ,2,22.418,448.328,16.302,34.94,459.796,-119.105,

[2024-10-22 10:38:37] ,1,24.263,426.117,62.266,33.095,435.607,-19.411,

[2024-10-22 10:39:01] ,3,56.031,491.498,25.994,-6.121,499.407,-33.096,

[2024-10-22 10:39:27] ,1,60.777,427.039,26.333,-11.525,458.082,-16.798,

[2024-10-22 10:39:44] ,2,56.229,437.914,-27.951,42.125,463.289,61.595,

[2024-10-22 10:40:03] ,4,61.04,441.276,-80.112,27.888,454.919,48.621,

[2024-10-22 10:40:18] ,2,43.311,457.753,75.964,36.456,492.223,120.256,

[2024-10-22 10:40:41] ,1,47.727,436.596,-8.785,-12.316,496.639,-1.051,

[2024-10-22 10:40:58] ,1,32.436,442.198,60.446,40.806,459.532,-68.962,

[2024-10-22 10:41:53] ,2,60.909,426.973,-80.623,7.325,473.703,117.022,

[2024-10-22 10:42:11] ,2,32.963,435.739,67.341,-11.855,454.721,-78.085,

[2024-10-22 10:42:31] ,1,23.868,435.212,71.565,57.415,473.835,-44.635,

[2024-10-22 10:42:50] ,1,14.509,476.339,4.635,3.04,493.607,75.838,

[2024-10-22 10:43:10] ,2,-4.869,429.412,-76.849,15.827,434.355,-33.546,

[2024-10-22 10:43:28] ,2,9.763,434.553,142.4,6.6,455.314,-42.447,

[2024-10-22 10:43:46] ,2,44.102,450.042,159.928,43.904,483.589,109.411,

[2024-10-22 10:44:06] ,2,17.013,438.639,-59.036,61.963,490.444,103.151,

[2024-10-22 10:44:31] ,3,5.413,461.51,0,43.311,493.278,-79.695,

[2024-10-22 10:44:49] ,1,46.343,446.878,-8.276,27.163,478.712,-69.624,

[2024-10-22 10:45:06] ,2,8.445,471.132,83.83,14.047,487.478,-93.122,

[2024-10-22 10:45:31] ,4,-4.209,462.367,-43.55,10.686,472.582,18.273,

[2024-10-22 10:45:46] ,2,-0.98,455.578,81.724,41.597,498.221,-170.623,

[2024-10-22 10:46:03] ,3,16.156,454.589,-57.496,58.865,472.978,-33.453,

[2024-10-22 10:46:21] ,3,58.8,437.585,-49.814,-3.616,483.392,63.435,

[2024-10-22 10:46:41] ,4,6.6,432.312,-71.565,-3.484,467.639,4.122,

[2024-10-22 10:46:57] ,4,49.704,482.403,2.579,61.634,483.128,-139.399,

[2024-10-22 10:47:12] ,1,39.159,455.051,88.968,28.02,496.903,13.658,

[2024-10-22 10:47:35] ,1,10.95,428.555,-82.681,50.297,450.635,-24.487,

[2024-10-22 10:47:56] ,1,33.556,485.764,5.194,4.754,491.235,19.411,

[2024-10-22 10:48:21] ,2,4.293,460.389,118.405,31.777,466.848,31.842,

[2024-10-22 10:48:40] ,3,32.436,431.06,79.276,17.87,440.221,73.586,

[2024-10-22 10:49:04] ,1,8.115,484.38,-57.885,5.94,499.935,59.036,

[2024-10-22 10:49:22] ,3,18.134,427.501,-30.379,-8.494,455.38,-65.165,

[2024-10-22 10:49:46] ,2,20.111,449.778,0,4.227,451.096,84.852,

[2024-10-22 10:50:03] ,2,30.129,449.382,0,-1.705,482.139,80.112,

[2024-10-22 10:50:20] ,2,-9.219,475.878,22.859,39.093,477.064,-177.917,

[2024-10-22 10:50:38] ,1,41.795,449.185,-38.418,24.395,451.426,6.68,

[2024-10-22 10:50:56] ,2,61.172,432.048,33.835,46.54,494.201,101.411,

[2024-10-22 10:51:13] ,3,-3.55,450.107,-6.435,-6.187,495.453,78.354,

[2024-10-22 10:51:37] ,2,24.988,472.978,-39.936,40.806,491.762,-71.4,

[2024-10-22 10:57:27] ,2,3.304,437.651,69.749,21.759,440.485,24.015,

[2024-10-22 10:57:29] ,2,31.315,467.046,42.825,49.836,472.978,-88.968,

[2024-10-22 10:58:02] ,2,42.125,429.742,-31.675,4.293,458.742,64.359,

[2024-10-22 10:59:25] ,2,0.536,425.194,-3.674,30.722,451.755,93.094,

[2024-10-22 11:07:48] ,2,48.65,432.971,-138.668,41.993,456.105,52.306,

[2024-10-22 11:19:25] ,2,0.14,430.203,52.4,23.934,445.823,65.726,

[2024-10-22 11:19:27] ,2,2.975,431.785,42.414,28.218,472.451,32.115,

[2024-10-22 11:41:56] ,2,53.527,464.739,33.261,8.84,481.151,41.677,

[2024-10-22 12:01:14] ,2,29.206,462.432,59.744,57.284,464.673,59.744,

[2024-10-22 12:02:09] ,2,19.254,436.926,108.435,4.886,485.962,-124.695,

[2024-10-22 12:11:19] ,2,61.568,427.632,-2.603,47.925,457.423,-140.856,

[2024-10-22 12:11:20] ,2,23.934,438.903,-166.342,52.34,464.014,158.484,

[2024-10-22 12:11:37] ,2,-5.066,450.437,-88.958,24.856,485.632,-83.774,

[2024-10-22 12:11:53] ,2,61.897,430.335,2.102,8.115,478.514,-146.023,

[2024-10-22 12:12:11] ,2,58.668,453.798,75.838,0.997,496.969,175.84,

[2024-10-22 12:12:42] ,2,1.063,443.451,53.44,60.711,485.171,-117.493,

[2024-10-22 12:13:12] ,2,3.172,448.987,165.964,28.811,457.951,58.861,

[2024-10-22 12:15:14] ,2,-5.264,453.139,164.836,59.92,454.655,-124.824,

[2024-10-22 12:15:16] ,1,-12.25,431.982,-51.988,-1.573,454.062,-84.341,

[2024-10-22 12:18:00] ,1,56.559,427.435,-24.015,51.681,442.198,-29.554,

[2024-10-22 12:18:14] ,1,60.711,443.582,-7.253,45.75,459.137,-57.724,

[2024-10-22 12:18:31] ,2,21.956,440.748,-41.719,55.57,467.507,0,

[2024-10-22 12:18:48] ,2,10.29,436.069,141.9,61.04,451.492,45.365,

[2024-10-22 12:19:05] ,1,43.113,453.996,75.593,25.713,460.653,81.293,

[2024-10-22 12:19:21] ,3,10.62,467.112,34.509,27.888,489.653,-73.586,

[2024-10-22 12:19:38] ,1,46.804,426.578,79.603,-8.494,445.362,40.267,

[2024-10-22 12:19:54] ,1,44.3,439.035,-6.68,7.456,470.342,75.466,

[2024-10-22 12:20:11] ,2,4.095,455.446,-33.546,60.25,461.246,-56.31,

[2024-10-22 12:20:27] ,2,16.222,452.546,-126.56,6.072,485.105,-101.411,

[2024-10-22 12:20:43] ,1,29.404,427.303,59.036,32.7,445.823,-58.595,

[2024-10-22 12:21:00] ,1,40.74,443.187,-52.619,18.793,461.971,8.202,

[2024-10-22 12:21:16] ,1,32.831,434.619,66.46,23.538,461.378,-1.023,

[2024-10-22 12:21:32] ,3,49.243,436.53,90,-10.932,467.244,-11.646,

[2024-10-22 12:21:49] ,3,56.69,473.637,4.236,42.454,484.578,67.643,

[2024-10-22 12:22:05] ,2,44.893,432.971,-102.022,-7.044,483.853,-43.176,

[2024-10-22 12:22:21] ,3,-9.35,432.18,57.858,-0.585,457.423,64.573,

[2024-10-22 12:22:37] ,3,54.647,490.971,14.243,36.852,498.88,26.946,

[2024-10-22 12:22:52] ,1,51.747,456.369,45,-11.13,483.392,-76.464,

[2024-10-22 12:23:09] ,3,-9.219,435.673,18.299,47.2,441.407,29.055,

[2024-10-22 12:23:28] ,2,46.738,465.728,-94.086,8.247,472.78,-31.405,

[2024-10-22 12:23:51] ,3,55.24,451.755,-26.375,55.965,474.164,47.386,

[2024-10-22 12:24:07] ,1,13.059,467.969,30.7,11.675,499.012,-15.662,

[2024-10-22 12:24:30] ,2,12.663,429.017,-106.157,46.87,492.948,170.623,

[2024-10-22 12:24:48] ,1,12.334,471.989,-38.82,8.775,487.478,-42.825,

[2024-10-22 12:25:04] ,1,0.602,447.603,47.553,18.068,489.785,15.164,

[2024-10-22 12:25:20] ,3,38.17,426.578,76.171,-2.562,458.478,78.857,

[2024-10-22 12:25:43] ,1,35.006,428.819,50.856,61.502,456.83,-31.405,

[2024-10-22 12:25:58] ,1,20.111,453.469,-50.064,18.529,469.155,-80.707,

[2024-10-22 12:26:14] ,3,53.79,492.091,-0.862,2.909,493.08,-84.417,

[2024-10-22 12:26:45] ,3,48.452,442.528,54.66,-10.471,497.562,56.31,

[2024-10-22 12:27:02] ,1,38.631,475.153,56.739,-12.316,494.332,-50.856,

[2024-10-22 12:27:21] ,2,61.634,468.694,97.765,11.279,474.494,-124.403,

[2024-10-22 12:27:40] ,2,21.034,425.26,-152.969,5.479,433.762,56.454,

[2024-10-22 12:27:57] ,3,21.165,472.055,-57.724,35.995,495.914,62.301,

[2024-10-22 12:28:20] ,1,15.102,447.076,-75.964,58.602,473.373,-10.305,

[2024-10-22 12:28:46] ,3,-5.264,447.076,-2.121,-2.562,465.069,5.964,

[2024-10-22 12:29:06] ,1,41.465,443.714,-71.241,59.656,448.592,-57.45,

[2024-10-22 12:29:21] ,1,15.365,437.782,72.216,38.236,448.526,-6.68,

[2024-10-22 12:29:40] ,2,58.14,473.11,16.302,0.075,495.057,122.115,

[2024-10-22 12:30:03] ,2,28.877,428.423,139.794,60.25,441.078,77.358,

[2024-10-22 12:30:23] ,1,53.263,443.978,80.623,31.777,467.705,17.292,

[2024-10-22 12:30:56] ,2,35.797,426.776,8.351,33.425,485.435,119.809,

[2024-10-22 12:31:23] ,2,-7.834,442.33,-5.242,42.454,459.532,70.105,

[2024-10-22 12:33:48] ,2,41.861,475.087,25.641,21.231,479.305,7.765,

[2024-10-22 12:33:53] ,2,40.477,474.56,17.292,19.254,494.464,-99.377,

[2024-10-22 12:35:07] ,1,40.081,445.164,17.292,9.829,467.376,14.664,

[2024-10-22 12:35:09] ,1,59.195,439.035,-1.548,9.895,468.562,11.915,

[2024-10-22 12:35:11] ,2,-4.737,457.094,-132.797,45.222,473.703,157.341,

[2024-10-22 12:35:12] ,1,16.222,467.507,-86.392,18.661,483.392,45.725,

[2024-10-22 12:35:14] ,1,42.454,425.919,26.565,6.731,470.935,-70.589,

[2024-10-22 12:35:15] ,1,1.393,452.414,52.306,-10.537,479.832,-80.623,

[2024-10-22 12:35:19] ,1,36.456,465.332,-24.274,25.12,475.219,64.359,

[2024-10-22 12:35:20] ,1,30.59,432.444,16.157,41.465,438.112,3.094,

[2024-10-22 12:36:33] ,3,2.579,442.132,56.547,3.568,488.401,-36.455,

[2024-10-22 12:40:53] ,1,61.7,465.926,50.128,6.006,499.539,88.438,

[2024-10-22 12:41:07] ,2,59.722,430.598,-34.695,-0.189,431.521,47.553,

[2024-10-22 12:41:24] ,1,51.22,425.919,58.325,14.179,483.853,38.82,

[2024-10-22 12:41:40] ,3,4.425,437.387,-63.435,61.765,461.51,-58.891,

[2024-10-22 12:41:56] ,2,15.761,461.905,64.359,32.897,481.151,162.216,

[2024-10-22 12:42:16] ,2,45.288,470.671,178.968,3.172,486.292,7.765,

[2024-10-22 12:42:35] ,1,6.336,429.148,-0.526,55.043,492.685,-89.479,

[2024-10-22 12:42:59] ,1,-9.219,443.121,-88.452,22.747,465.728,-43.568,

[2024-10-22 12:43:15] ,1,-10.009,481.81,-1.562,32.963,493.871,88.452,

[2024-10-22 12:43:32] ,3,38.895,438.376,-12.482,-7.241,481.217,-51.674,

[2024-10-22 12:43:50] ,3,56.229,427.567,-57.496,7.72,428.687,84.883,

[2024-10-22 12:44:06] ,3,35.138,430.994,-15.068,61.963,451.953,-68.595,

[2024-10-22 12:44:29] ,4,41.07,448.921,35.119,30.327,465.069,-73.639,

[2024-10-22 12:44:43] ,1,39.752,437.519,-81.724,54.054,456.764,5.609,

[2024-10-22 12:44:58] ,1,8.313,452.217,-8.707,9.17,495.519,-4.16,

[2024-10-22 12:45:14] ,2,19.188,429.017,-109.584,40.477,437.717,149.036,

[2024-10-22 12:45:31] ,2,23.077,430.664,146.454,18.99,459.269,48.281,

[2024-10-22 12:45:55] ,1,55.372,457.621,-68.295,-10.537,487.082,-45.365,

[2024-10-22 12:46:11] ,2,-10.339,430.796,-114.702,11.938,469.551,-147.45,

[2024-10-22 12:46:28] ,1,7.588,458.148,55.597,43.311,483.457,-66.194,

[2024-10-22 12:46:44] ,3,30.788,446.548,-44.7,45.42,458.742,-70.75,

[2024-10-22 12:47:01] ,1,6.138,425.194,-74.97,7.325,438.046,-56.023,

[2024-10-22 12:47:16] ,2,14.311,443.714,-2.083,58.47,465.86,92.083,

[2024-10-22 12:47:33] ,2,57.152,447.998,64.826,45.815,489.455,-7.253,

[2024-10-22 12:47:49] ,3,-6.384,458.676,79.771,17.343,467.837,79.846,

[2024-10-22 12:48:05] ,3,0.075,439.892,-88.29,20.836,452.414,77.609,

[2024-10-22 12:48:21] ,1,52.077,455.38,-28.652,23.604,492.685,-26.333,

[2024-10-22 12:48:38] ,3,47.529,433.498,28.848,61.568,490.312,-4.728,

[2024-10-22 12:48:57] ,2,9.697,452.744,153.204,9.104,464.937,-60.895,

[2024-10-22 12:49:21] ,1,8.906,457.357,21.224,55.109,488.73,26.333,

[2024-10-22 12:49:40] ,1,25.845,462.367,-78.085,-2.957,472.978,-84.806,

[2024-10-22 12:50:16] ,3,4.556,436.53,-55.601,42.388,458.807,-7.23,

[2024-10-22 12:50:34] ,3,-12.844,463.026,-83.14,3.897,481.612,45.9,

[2024-10-22 12:50:58] ,1,15.431,427.962,-71.565,38.565,433.169,-73.202,

[2024-10-22 12:51:13] ,3,28.35,447.339,-88.727,38.895,481.744,5.5,

[2024-10-22 12:51:30] ,1,27.559,446.944,9.888,29.536,475.944,-3.608,

[2024-10-22 12:51:47] ,2,26.834,435.014,-6.226,40.345,482.205,-144.162,

[2024-10-22 12:52:10] ,1,46.936,469.221,73.843,11.345,496.837,-5.711,

[2024-10-22 12:52:29] ,3,-6.516,430.203,-74.407,21.495,445.955,33.923,

[2024-10-22 12:52:48] ,2,24.395,471.33,53.027,52.802,483.589,-128.741,

[2024-10-22 12:53:11] ,1,23.868,450.042,56.31,21.034,474.56,68.962,

[2024-10-22 12:53:26] ,2,-9.746,428.357,130.544,42.915,430.335,56.454,

[2024-10-22 12:53:52] ,2,9.631,455.314,145.597,-3.353,476.537,-135,

[2024-10-22 12:54:10] ,2,-2.891,469.485,-104.162,60.777,498.023,93.151,

[2024-10-22 12:54:43] ,3,-6.187,441.539,46.206,-11.855,490.773,69.544,

[2024-10-22 12:55:08] ,3,9.302,486.028,15.479,31.909,491.432,-38.66,

[2024-10-22 12:55:25] ,1,25.911,474.626,26.796,43.047,497.496,-69.928,

[2024-10-22 12:55:57] ,2,38.829,437.321,-54.162,18.2,475.153,-29.554,

[2024-10-22 12:56:13] ,3,-0.321,460.257,38.062,-5.132,474.362,27.897,

[2024-10-22 12:56:31] ,3,11.675,437.189,24.267,6.6,479.173,18.034,

[2024-10-22 12:56:48] ,3,44.431,486.819,76.588,-2.957,495.848,77.101,

[2024-10-22 12:57:07] ,3,-12.316,463.619,17.354,-6.648,490.048,-8.191,

[2024-10-22 12:57:32] ,2,34.743,460.917,170.789,-2.034,483.853,-177.936,

[2024-10-22 12:58:03] ,3,-6.978,425.326,-43.172,-12.58,472.978,-33.453,

[2024-10-22 12:58:26] ,2,35.138,441.869,171.724,-3.287,499.803,46.488,

[2024-10-22 12:58:49] ,3,34.545,445.889,-42.019,-12.053,456.83,-62.48,

[2024-10-22 13:41:13] ,1,-4.473,458.148,59.036,44.431,464.937,-2.556,

[2024-10-22 13:41:15] ,1,54.515,451.492,23.334,38.697,480.426,-13.416,

[2024-10-22 13:47:24] ,1,3.502,453.535,50.458,53.79,464.278,-46.081,

[2024-10-22 13:47:40] ,1,41.07,426.446,-56.023,20.177,431.785,24.955,

[2024-10-22 13:47:58] ,1,20.836,435.542,-54.881,1.129,477.064,-68.009,

[2024-10-22 13:48:16] ,1,40.938,434.289,-31.405,25.186,468.562,42.101,

[2024-10-22 13:48:34] ,3,27.888,433.235,26.946,23.934,481.81,-49.214,

[2024-10-22 13:48:50] ,2,14.113,441.539,-28.652,59.854,481.678,-76.342,

[2024-10-22 13:49:10] ,1,57.613,427.896,-54.881,54.054,466.255,-41.76,

[2024-10-22 13:49:29] ,2,18.595,433.894,36.142,7.127,464.014,-115.419,

[2024-10-22 13:49:46] ,2,59.195,458.148,-153.667,-5.33,477.723,162.216,

[2024-10-22 13:50:35] ,1,33.359,429.214,-11.004,12.07,490.246,-66.666,

[2024-10-22 13:50:58] ,2,10.225,446.68,107.292,5.545,495.057,-158.295,

[2024-10-22 13:51:16] ,2,-1.31,433.894,19.759,19.122,484.117,80.112,

[2024-10-22 13:51:35] ,2,34.347,440.88,-180,10.29,489.785,-153.667,

[2024-10-22 13:52:01] ,2,53.593,468.101,-103.536,9.434,483.194,-107.292,

[2024-10-22 13:52:18] ,3,-10.339,445.823,15.709,23.275,461.18,-54.904,

[2024-10-22 13:52:41] ,2,38.434,428.028,79.509,-8.032,445.889,8.865,

[2024-10-22 13:52:57] ,3,10.093,472.055,-46.809,-11.921,475.482,3.417,

[2024-10-22 13:53:20] ,3,-5.132,465.794,72.368,21.89,498.419,-20.204,

[2024-10-22 13:53:36] ,1,0.14,464.014,0.521,-0.255,486.226,29.554,

[2024-10-22 13:53:53] ,2,5.018,444.176,14.162,54.384,483.919,-14.534,

[2024-10-22 13:54:10] ,2,55.57,439.76,84.806,-2.364,495.189,48.668,

[2024-10-22 13:54:26] ,1,37.05,470.605,-74.612,-2.43,493.739,-66.194,

[2024-10-22 13:54:44] ,2,27.427,483.392,166.967,15.893,486.028,167.471,

[2024-10-22 13:55:13] ,1,19.65,472.385,-24.955,54.845,488.269,-75.336,

[2024-10-22 13:55:32] ,2,61.304,432.18,109.411,16.354,469.353,21.705,

[2024-10-22 13:55:55] ,3,-12.25,430.401,72.239,-2.034,472.582,-11.976,

[2024-10-22 13:56:11] ,3,58.997,463.882,88.29,42.784,496.903,-36.87,

[2024-10-22 13:56:40] ,1,48.781,459.664,62.289,40.938,471.462,-32.276,

[2024-10-22 13:56:57] ,1,40.345,433.762,42.797,-2.825,477.592,76.464,

[2024-10-22 13:57:14] ,3,26.043,443.451,-68.356,57.481,443.648,-14.139,

[2024-10-22 13:57:33] ,3,0.8,455.71,-27.52,-1.507,470.342,-0.855,

[2024-10-22 13:57:49] ,1,46.343,425.523,64.359,51.286,491.63,-3.608,

[2024-10-22 13:58:05] ,3,3.172,447.076,-25.994,11.279,496.573,-22.751,

[2024-10-22 13:58:31] ,3,11.543,433.169,59.621,51.879,447.603,25.043,

[2024-10-22 13:58:53] ,2,56.361,467.046,-95.194,26.57,481.217,-4.122,

[2024-10-22 13:59:11] ,1,50.1,447.142,-67.816,-9.482,456.105,32.115,

[2024-10-22 13:59:27] ,2,59.722,449.712,47.899,2.843,482.996,-6.226,

[2024-10-22 13:59:44] ,3,8.05,429.61,68.438,58.075,478.119,90,

[2024-10-22 14:00:21] ,3,14.97,432.576,61.728,35.204,438.376,-71.295,

[2024-10-22 14:00:39] ,1,-10.273,478.976,-65.045,34.018,493.805,20.556,

[2024-10-22 14:00:55] ,2,52.538,459.071,60.191,38.895,494.596,122.829,

[2024-10-22 14:01:10] ,2,28.943,451.953,43.176,20.045,496.507,-33.261,

[2024-10-22 14:01:41] ,1,58.8,487.412,-50.128,41.004,497.298,42.797,

[2024-10-22 14:02:06] ,1,52.209,426.512,-8.865,58.865,480.689,-88.438,

[2024-10-22 14:02:23] ,1,-5.791,435.344,-68.295,42.322,477.987,18.273,

[2024-10-22 14:02:49] ,2,61.634,432.642,114.702,23.802,493.146,130.601,

[2024-10-22 14:03:11] ,2,32.106,473.703,-147.724,-8.691,499.869,-32.672,

[2024-10-22 14:03:36] ,3,2.447,432.444,-36.87,28.415,454.787,81.511,

[2024-10-22 14:03:51] ,1,-7.175,480.887,-42.825,33.886,490.246,-13.033,

[2024-10-22 14:04:12] ,3,-11.657,463.355,-27.324,27.822,486.292,44.697,

[2024-10-22 14:04:36] ,3,6.6,429.412,-8.973,-11.328,461.246,-58.085,

[2024-10-22 14:04:58] ,3,-7.9,445.428,76.588,-10.339,470.473,0,

[2024-10-22 14:05:21] ,3,-3.221,473.439,13.216,19.913,493.541,64.191,

[2024-10-22 14:05:44] ,3,37.775,436.794,83.991,9.895,469.287,81.093,

[2024-10-22 14:05:59] ,2,49.243,479.503,10.397,57.943,495.057,-46.848,

[2024-10-22 14:06:21] ,1,9.104,467.771,24.955,54.779,484.248,-52.716,

[2024-10-22 14:06:37] ,2,57.086,452.942,-116.796,27.954,492.751,51.988,

[2024-10-22 14:06:54] ,3,3.238,462.96,-78.024,-12.712,475.746,41.987,

[2024-10-22 14:07:10] ,3,4.029,478.844,-16.945,32.436,493.278,25.61,

[2024-10-22 14:07:34] ,1,-12.448,470.671,-72.708,30.656,489.521,-19.895,

[2024-10-22 14:08:03] ,2,49.309,425.392,-90,20.375,440.814,-6.226,

[2024-10-22 14:08:19] ,3,12.663,433.235,54.067,26.636,462.301,46.5,

[2024-10-22 14:08:34] ,3,1.459,443.055,66.857,18.595,479.042,-85.307,

[2024-10-22 14:08:58] ,2,6.468,455.38,-100.905,27.954,493.805,37.284,

[2024-10-22 14:09:14] ,2,-1.969,471.396,101.411,44.3,498.814,-33.546,

[2024-10-22 14:09:30] ,1,32.897,440.748,23.131,10.554,446.087,-33.546,

[2024-10-22 14:09:52] ,2,51.615,428.621,-123.546,-10.866,434.685,110.925,

[2024-10-22 14:10:09] ,2,-1.046,437.387,53.44,20.836,448.196,-23.806,

[2024-10-22 14:10:25] ,3,50.231,428.489,32.142,-4.012,458.214,-11.976,

[2024-10-22 14:10:48] ,1,36.061,435.805,-33.977,20.177,456.896,-7.765,

[2024-10-22 14:11:07] ,2,57.943,444.637,-78.486,0.47,486.555,-45,

[2024-10-22 14:11:22] ,1,27.427,481.678,83.83,42.652,489.653,73.698,

[2024-10-22 14:11:38] ,2,61.502,447.537,-157.62,-8.164,473.637,-111.224,

[2024-10-22 14:11:57] ,3,13.322,483.721,-29.055,49.902,492.421,33.808,

[2024-10-22 14:12:21] ,1,5.611,445.032,2.083,-3.88,462.367,-4.122,

[2024-10-22 14:12:40] ,1,19.65,443.187,56.31,42.915,476.932,-47.175,

[2024-10-22 14:12:57] ,2,2.513,427.435,-143.858,14.838,450.371,60.191,

[2024-10-22 14:13:22] ,1,-4.341,435.014,81.649,15.234,443.319,62.049,

[2024-10-22 14:13:39] ,3,2.975,442.198,41.106,54.45,482.864,29.427,

[2024-10-22 14:13:54] ,1,20.77,427.962,10.397,-9.021,490.905,-22.38,

[2024-10-22 14:14:17] ,1,19.122,435.08,7.836,-7.241,464.278,17.292,

[2024-10-22 14:14:32] ,1,61.04,454.919,13.033,43.179,469.485,62.978,

[2024-10-22 14:14:49] ,2,35.731,446.548,-29.554,-12.053,449.778,-155.298,

[2024-10-22 14:15:06] ,3,19.254,434.092,69.544,-2.034,488.071,-19.654,

[2024-10-22 14:15:29] ,1,10.62,451.228,-90,15.695,483.194,87.421,

[2024-10-22 14:15:45] ,2,37.05,444.044,105.164,1.92,451.492,27.031,

[2024-10-22 14:16:01] ,1,19.32,431.389,-50.458,-12.25,447.867,-69.261,

[2024-10-22 14:16:16] ,1,15.365,441.605,-27.951,-3.353,491.696,24.702,

[2024-10-22 14:16:31] ,2,10.818,462.103,-124.695,41.004,489.785,108.435,

[2024-10-22 14:16:51] ,2,30.261,472.121,148.595,14.772,481.612,116.333,

[2024-10-22 14:17:15] ,1,37.709,477.262,-28.652,32.436,497.628,-50.528,

[2024-10-22 14:17:32] ,2,2.315,468.232,11.514,16.684,475.812,130.992,

[2024-10-22 14:17:49] ,2,28.35,455.248,34.695,16.947,498.023,164.197,

[2024-10-22 14:18:11] ,1,58.338,426.842,3.122,-12.58,454.062,-16.949,

[2024-10-22 14:18:33] ,2,10.95,444.769,-120.518,34.15,478.844,65.045,

[2024-10-22 14:18:49] ,2,61.04,448.855,13.033,25.12,489.06,-2.083,

[2024-10-22 14:19:12] ,3,32.04,451.689,24.092,56.295,464.805,83.613,

[2024-10-22 14:19:34] ,3,38.5,438.705,73.055,1.722,443.319,64.191,

[2024-10-22 14:20:04] ,3,-11.723,454.128,88.717,24.79,472.714,11.889,

[2024-10-22 14:20:26] ,3,7.325,426.578,-24.656,-5.659,470.012,8.13,

[2024-10-22 14:20:42] ,2,5.94,458.346,4.677,55.636,461.114,-114.487,

[2024-10-22 14:20:57] ,3,40.477,446.614,83.613,50.034,479.635,90,

[2024-10-22 14:21:23] ,3,-12.316,470.21,-60.362,32.831,472.912,44.403,

[2024-10-22 14:21:39] ,1,52.209,437.057,87.421,0.602,460.587,68.962,

[2024-10-22 14:21:54] ,2,9.829,474.032,-174.806,50.956,492.553,169.603,

[2024-10-22 14:22:12] ,3,54.186,429.939,-5.583,24.263,442.923,-77.609,

[2024-10-22 14:22:48] ,3,57.745,473.242,58.085,12.334,493.871,-3.842,

[2024-10-22 14:23:11] ,1,-5.132,435.739,-59.931,21.1,478.514,73.35,

[2024-10-22 14:23:29] ,3,14.838,429.939,46.515,41.07,488.401,67.249,

[2024-10-22 14:23:45] ,2,49.77,469.287,2.083,5.215,483.523,77.471,

[2024-10-22 14:24:04] ,1,19.913,463.487,-40.992,9.236,494.266,-3.608,

[2024-10-22 14:24:20] ,2,23.736,435.937,-147.885,29.47,486.094,94.677,

[2024-10-22 14:24:58] ,2,60.052,430.005,-42.064,31.843,441.012,-77.978,

[2024-10-22 14:25:22] ,3,21.429,437.717,-58.671,18.463,470.737,18.034,

[2024-10-22 14:25:46] ,2,60.052,459.137,-142.306,12.334,494.398,-14.664,

[2024-10-22 14:26:09] ,1,42.322,471.528,-58.595,27.229,490.378,-56.592,

[2024-10-22 14:26:25] ,2,9.434,470.342,55.176,43.97,491.169,-95.194,

[2024-10-22 14:26:41] ,1,47.925,429.544,-43.176,40.147,442.396,39.144,

[2024-10-22 14:26:58] ,2,41.861,431.785,-134.63,2.447,485.105,0,

[2024-10-22 14:27:21] ,1,37.84,471.989,3.608,52.209,486.753,-82.164,

[2024-10-22 14:27:37] ,2,59.722,427.369,91.051,6.072,450.569,92.064,

[2024-10-22 14:27:52] ,2,56.625,466.123,66.666,17.936,469.287,-86.906,

[2024-10-22 14:28:08] ,3,18.265,437.189,-44.091,47.925,437.782,20.056,

[2024-10-22 14:28:23] ,1,26.636,430.005,-13.033,39.818,473.505,38.1,

[2024-10-22 14:28:39] ,3,60.25,465.794,-61.356,6.336,481.414,56.192,

[2024-10-22 14:29:02] ,2,30.459,454.326,-18.435,47.265,469.88,150.895,

[2024-10-22 14:29:19] ,1,51.945,441.671,-55.305,-12.119,466.848,10.905,

[2024-10-22 14:29:42] ,1,-3.419,455.973,-56.31,26.636,484.182,27.493,

[2024-10-22 14:29:58] ,2,-0.848,471.462,-133.905,50.429,497.628,71.896,

[2024-10-22 14:30:14] ,1,9.829,456.567,49.008,59.195,478.185,-28.652,

[2024-10-22 14:30:32] ,1,-5.594,463.817,-49.008,55.636,486.885,-80.112,

[2024-10-22 14:30:49] ,2,12.861,436.86,-2.083,-3.155,440.617,-10.905,

[2024-10-22 14:31:07] ,1,52.275,452.942,-37.694,15.959,479.635,-29.554,

[2024-10-22 14:31:29] ,2,14.311,449.053,41.719,44.563,457.226,42.101,

[2024-10-22 14:31:43] ,1,42.981,430.137,64.134,16.025,476.669,25.641,

[2024-10-22 14:31:58] ,2,31.711,465.53,-116.105,41.729,475.153,152.289,

[2024-10-22 14:32:15] ,2,-9.614,462.762,-31.842,29.47,487.807,104.036,

[2024-10-22 14:32:32] ,3,-2.562,439.496,4.268,-1.969,478.778,-70.346,

[2024-10-22 14:32:51] ,2,6.402,449.119,5.194,35.929,490.048,-56.454,

[2024-10-22 14:33:12] ,1,32.897,462.037,-10.305,-8.362,490.18,-9.377,

[2024-10-22 14:33:27] ,3,59.195,435.014,73.055,-7.175,438.046,90,

[2024-10-22 14:33:46] ,1,8.709,437.585,65.045,45.947,464.212,-15.662,

[2024-10-22 14:34:10] ,1,46.211,456.501,75.466,26.175,465.267,-62.978,

[2024-10-22 14:34:29] ,2,23.406,476.735,-174.852,37.709,481.744,-162.86,

[2024-10-22 14:34:48] ,1,33.82,445.626,32.829,-3.88,498.221,73.698,

[2024-10-22 14:35:07] ,3,-10.734,492.289,36.185,13.256,497.76,46.809,

[2024-10-22 14:35:29] ,1,7.325,437.848,15.662,17.409,459.928,27.022,

[2024-10-22 14:35:44] ,2,39.027,462.762,139.343,34.479,479.767,-135.365,

[2024-10-22 14:36:09] ,3,14.113,437.057,48.614,55.636,448.855,-8.552,

[2024-10-22 14:36:25] ,2,25.779,440.617,-33.69,33.49,468.826,-101.915,

[2024-10-22 14:36:44] ,1,-4.078,458.214,23.806,22.945,494.201,-5.711,

[2024-10-22 14:36:59] ,3,20.902,454.523,-37.208,-0.321,498.023,-86.583,

[2024-10-22 14:37:21] ,3,56.888,434.026,9.884,-4.539,477.723,-14.657,

[2024-10-22 14:37:37] ,2,29.536,427.764,-68.776,55.57,483.26,8.276,

[2024-10-22 14:37:59] ,2,16.288,463.882,15.524,-3.484,497.298,139.059,

[2024-10-22 14:38:23] ,1,37.445,474.164,-10.808,22.681,483.985,-54.462,

[2024-10-22 14:38:42] ,3,40.081,426.314,61.902,10.488,451.228,-79.695,

[2024-10-22 14:39:08] ,2,42.52,455.644,-63.895,22.55,495.321,153.667,

[2024-10-22 14:39:32] ,2,16.025,447.339,-93.641,-5.462,458.742,154.359,

[2024-10-22 14:39:48] ,3,-9.878,441.737,-56.192,26.768,483.062,-72.368,

[2024-10-22 14:40:18] ,2,14.772,464.871,-101.915,51.55,474.955,106.65,

[2024-10-22 14:40:37] ,3,18.529,452.414,55.84,-8.955,499.407,-85.272,

[2024-10-22 14:41:01] ,2,-9.482,471.132,-15.03,-2.364,497.694,39.872,

[2024-10-22 14:41:16] ,1,0.272,437.189,-17.447,10.554,455.71,-35.838,

[2024-10-22 14:41:31] ,1,-12.844,427.171,-74.699,59.59,429.478,67.42,

[2024-10-22 14:41:48] ,1,-8.032,487.214,58.05,49.177,489.851,-51.988,

[2024-10-22 14:42:04] ,2,8.181,435.278,106.65,-8.955,497.891,-151.098,

[2024-10-22 14:42:27] ,2,16.288,439.957,26.796,25.12,468.298,71.727,

[2024-10-22 14:42:53] ,2,46.409,427.698,-163.551,-5.066,430.467,122.115,

[2024-10-22 14:43:10] ,3,58.8,428.753,57.137,18.2,452.48,-14.959,

[2024-10-22 14:43:41] ,1,-1.441,439.562,-86.392,8.181,461.378,-39.542,

[2024-10-22 14:43:57] ,2,26.768,434.817,149.036,59.92,442.396,13.536,

[2024-10-22 14:44:13] ,1,25.318,468.76,56.31,27.756,498.023,-7.253,

[2024-10-22 14:44:28] ,2,8.775,459.401,37.694,21.89,465.069,-38.1,

[2024-10-22 14:44:45] ,1,58.47,460.982,8.276,56.031,476.735,-54.462,

[2024-10-22 14:45:08] ,2,20.243,478.844,177.936,58.668,488.005,-47.586,

[2024-10-22 14:45:31] ,2,4.425,432.18,-130.206,56.888,457.094,170.623,

[2024-10-22 14:45:48] ,2,53.988,469.353,-157.816,-0.123,490.773,108.925,

[2024-10-22 14:46:06] ,1,28.745,439.43,-27.255,39.29,449.91,62.289,

[2024-10-22 14:46:28] ,1,-1.639,455.644,-87.444,21.034,458.544,-29.105,

[2024-10-22 14:46:44] ,2,39.356,428.687,-56.023,3.568,441.276,106.157,

[2024-10-22 14:47:00] ,2,55.965,458.412,-40.267,45.42,465.464,114.274,

[2024-10-22 14:47:25] ,1,-2.496,427.171,75.838,59.656,449.317,-33.69,

[2024-10-22 14:47:41] ,3,-8.559,474.098,-14.139,0.009,483.787,-12.065,

[2024-10-22 14:47:58] ,1,39.093,427.83,82.235,-12.646,489.257,7.836,

[2024-10-22 14:48:15] ,1,16.025,425.919,-12.529,-10.009,429.676,1.577,

[2024-10-22 14:48:31] ,1,18.661,432.642,60.642,47.595,484.776,-65.045,

[2024-10-22 14:49:01] ,1,25.911,463.223,2.045,26.24,498.485,-60.446,

[2024-10-22 14:49:16] ,2,27.822,428.357,66.938,-7.505,435.08,63.667,

[2024-10-22 14:49:31] ,2,48.056,429.676,-157.42,19.715,461.444,25.419,

[2024-10-22 14:49:47] ,1,22.22,451.03,49.008,20.506,469.551,-45.725,

[2024-10-22 14:50:04] ,3,55.9,442.857,9.811,0.404,476.867,24.864,

[2024-10-22 14:50:21] ,1,16.354,437.189,-18.435,20.902,461.971,51.9,

[2024-10-22 14:50:38] ,2,23.934,463.421,22.184,23.67,486.753,-82.235,

[2024-10-22 14:50:56] ,1,-7.834,450.107,-67.141,26.636,463.553,-21.329,

[2024-10-22 14:51:20] ,3,18.265,425.787,-9.462,-3.089,491.498,43.5,

[2024-10-22 14:51:38] ,3,10.884,438.705,-45.603,54.515,489.06,-74.521,

[2024-10-22 14:51:57] ,2,32.897,468.035,-173.83,25.911,498.485,14.664,

[2024-10-22 14:52:20] ,3,14.179,443.78,-68.199,4.425,480.162,36.87,

[2024-10-22 14:52:36] ,3,4.622,440.419,78.44,-7.966,443.319,73.465,

[2024-10-22 14:52:59] ,2,51.022,495.123,-55.733,9.895,495.716,-147.609,

[2024-10-22 14:53:15] ,3,9.368,431.126,-13.314,43.443,439.101,90,

[2024-10-22 14:53:31] ,3,0.931,447.471,-77.518,36.852,489.587,72.646,

[2024-10-22 14:53:49] ,3,56.163,426.907,-0.431,1.854,494.003,-34.046,

[2024-10-22 14:54:05] ,3,37.445,427.237,-79.276,-9.284,440.155,17.354,

[2024-10-22 14:54:28] ,2,5.809,452.282,106.949,49.243,497.957,20.251,

[2024-10-22 14:55:00] ,1,4.161,443.187,-42.825,33.49,465.464,-57.724,

[2024-10-22 14:55:15] ,2,50.363,426.578,-34.992,25.647,437.519,-56.023,

[2024-10-22 14:55:30] ,2,40.477,465.201,18.273,23.538,469.814,-48.621,

[2024-10-22 14:55:45] ,2,3.04,429.412,-123.835,19.518,441.276,-51.582,

[2024-10-22 14:56:00] ,2,23.34,444.703,133.55,25.647,467.442,169.695,

[2024-10-22 14:56:15] ,2,18.529,439.232,-172.747,50.759,444.307,16.157,

[2024-10-22 14:56:31] ,2,24.79,448.196,18.273,43.706,475.548,-99.8,

[2024-10-22 14:56:46] ,2,1.722,441.407,-159.261,26.24,446.878,16.015,

[2024-10-22 14:57:02] ,1,33.359,449.91,-51.18,49.309,451.689,36.973,

[2024-10-22 14:57:19] ,2,-9.153,443.517,-45.37,51.879,452.612,129.542,

[2024-10-22 15:01:26] ,2,16.486,450.239,16.157,49.375,463.355,147.45,

[2024-10-22 15:01:40] ,3,31.25,441.869,63.054,14.64,453.798,29.798,

[2024-10-22 15:01:56] ,2,58.338,425.919,104.797,11.872,477.328,57.171,

[2024-10-22 15:02:11] ,3,16.354,462.498,-22.195,15.036,488.796,23.703,

[2024-10-22 15:02:26] ,3,27.625,428.555,66.125,-2.232,461.971,-25.994,

[2024-10-22 15:02:52] ,2,-12.712,431.521,-167.358,52.472,464.41,112.184,

[2024-10-22 15:03:10] ,2,31.052,452.414,42.064,55.175,499.803,11.619,

[2024-10-22 15:03:27] ,2,24.856,429.148,63.435,60.843,483.655,-95.194,

[2024-10-22 15:03:44] ,2,21.231,442.396,100.397,17.804,481.876,-105.164,

[2024-10-22 15:04:17] ,1,42.388,434.223,-7.253,9.895,450.239,18.435,

[2024-10-22 15:04:42] ,2,32.831,454.523,-159.444,10.159,497.628,135.37,

[2024-10-22 15:04:59] ,1,7.918,491.63,-27.255,47.002,492.553,-11.411,

[2024-10-22 15:05:21] ,1,22.55,425.721,-44.265,33.161,469.353,87.444,

[2024-10-22 15:05:37] ,3,2.381,444.769,-53.13,-8.559,499.21,80.116,

[2024-10-22 15:05:55] ,2,55.965,446.812,147.171,0.8,462.235,167.082,

[2024-10-22 15:06:10] ,1,1.59,427.369,6.74,30.525,470.737,-34.824,

[2024-10-22 15:06:32] ,1,35.995,464.476,-31.842,40.213,488.994,34.695,

[2024-10-22 15:06:48] ,3,39.488,433.235,-17.761,3.37,452.019,78.857,

[2024-10-22 15:07:03] ,3,51.418,450.898,-45,28.745,488.664,-1.697,

[2024-10-22 15:07:19] ,2,30.063,474.032,-90,9.038,493.476,-8.351,

[2024-10-22 15:07:34] ,1,14.311,482.403,-41.719,37.643,489.982,-17.784,

[2024-10-22 15:07:51] ,3,-11.789,438.705,-21.961,1.722,474.955,-10.229,

[2024-10-22 15:08:12] ,3,10.027,433.498,-37.126,35.6,458.676,75.041,

[2024-10-22 15:08:28] ,2,17.079,496.244,39.472,3.37,499.605,12.529,

[2024-10-22 15:08:53] ,3,22.154,490.312,70.489,-2.957,498.221,-76.971,

[2024-10-22 15:09:09] ,1,17.013,467.376,64.12,12.4,490.114,-45.365,

[2024-10-22 15:09:26] ,2,61.37,472.648,129.542,-0.387,476.471,134.265,

[2024-10-22 15:09:43] ,3,-0.387,437.717,-6.435,30.92,453.205,31.109,

[2024-10-22 15:10:05] ,2,50.627,456.435,118.652,5.15,457.885,112.659,

[2024-10-22 15:10:22] ,2,4.886,457.687,-60.001,12.4,477.196,-1.562,

[2024-10-22 15:10:38] ,2,59.854,493.278,93.151,20.902,494.991,101.514,

[2024-10-22 15:11:00] ,1,-5.132,482.139,78.085,16.288,495.914,52.306,

[2024-10-22 15:11:15] ,2,39.159,431.587,44.63,28.02,492.751,172.747,

[2024-10-22 15:11:30] ,3,61.238,446.021,-36.87,57.481,473.571,-8.973,

[2024-10-22 15:11:45] ,2,-9.021,445.032,-21.038,-7.307,479.635,56.454,

[2024-10-22 15:12:00] ,1,27.295,426.644,39.872,-11.525,463.751,33.111,

[2024-10-22 15:12:15] ,1,24.131,472.055,-36.666,50.759,472.187,30.7,

[2024-10-22 15:12:40] ,1,-11.921,472.451,20.072,13.52,472.648,-38.82,

[2024-10-22 15:12:56] ,3,5.018,436.926,-48.614,28.811,437.914,-25.427,

[2024-10-22 15:13:16] ,2,-2.891,485.237,162.708,12.07,491.63,9.377,

[2024-10-22 15:13:31] ,1,5.15,433.169,-16.302,16.288,462.169,42.825,

[2024-10-22 15:13:46] ,1,-12.909,468.101,-45.365,37.313,479.042,21.516,

[2024-10-22 15:14:15] ,2,37.906,461.576,2.064,56.756,482.732,176.878,

[2024-10-22 15:14:34] ,3,12.597,426.314,-63.435,30.92,442.726,57.496,

[2024-10-22 15:14:51] ,1,13.19,486.489,-29.554,46.87,499.539,-32.829,

[2024-10-22 15:15:06] ,3,-12.58,454.457,28.848,13.322,476.273,35.096,

[2024-10-22 15:15:24] ,1,27.361,475.021,2.064,54.186,477.064,-28.405,

[2024-10-22 15:15:53] ,1,24.065,426.71,24.702,11.477,455.314,58.595,

[2024-10-22 15:16:22] ,2,-9.416,438.442,39.144,2.975,439.298,-166.342,

[2024-10-22 15:16:38] ,2,19.781,465.86,128.82,-6.384,493.871,17.942,

[2024-10-22 15:16:57] ,2,61.568,432.114,-13.033,42.256,458.412,-110.556,

[2024-10-22 15:17:12] ,1,34.084,472.385,-88.466,53.395,479.371,86.392,

[2024-10-22 15:17:30] ,3,-3.155,455.248,12.482,7.325,499.144,11.56,

[2024-10-22 15:18:00] ,2,55.24,437.255,-166.967,59.722,472.451,-40.992,

[2024-10-22 15:18:18] ,3,5.084,429.017,-20.456,1.195,454.919,87.863,

[2024-10-22 15:18:35] ,3,-8.362,436.398,26.182,-3.946,482.996,-42.274,

[2024-10-22 15:18:52] ,3,-6.912,455.248,39.259,32.634,486.951,-45,

[2024-10-22 15:19:15] ,1,50.297,433.894,0,33.359,472.846,42.447,

[2024-10-22 15:19:33] ,2,24,446.68,-163.843,36.654,459.467,15.164,

[2024-10-22 15:19:49] ,2,16.881,474.692,-101.411,15.365,492.685,-125.838,

[2024-10-22 15:20:08] ,3,6.072,432.114,69.544,-7.703,476.339,70.891,

[2024-10-22 15:20:23] ,2,57.943,439.957,38.012,15.234,493.673,-33.977,

[2024-10-22 15:20:37] ,3,37.05,443.582,-85.307,8.379,444.176,79.771,

[2024-10-22 15:21:01] ,2,3.765,459.994,-22.184,36.39,473.967,49.343,

[2024-10-22 15:21:16] ,3,36.522,465.596,19.911,0.865,471.132,-11.976,

[2024-10-22 15:21:34] ,2,14.443,454.392,-106.798,50.89,481.414,-51.988,

[2024-10-22 15:21:56] ,2,-8.691,451.096,173.26,13.52,479.701,103.536,

[2024-10-22 15:22:11] ,3,-12.58,454.457,-46.515,5.94,474.626,18.705,

[2024-10-22 15:22:34] ,1,18.265,466.255,-22.932,49.77,493.278,-11.514,

[2024-10-22 15:22:49] ,2,30.195,446.812,-20.376,42.125,470.342,-107.784,

[2024-10-22 15:23:04] ,3,23.143,459.73,25.809,55.24,487.412,-12.482,

[2024-10-22 15:23:21] ,3,-5.33,450.964,84.883,32.304,497.826,-4.728,

[2024-10-22 15:23:40] ,1,2.184,427.039,-20.251,6.468,457.357,-21.705,

[2024-10-22 15:23:56] ,2,24.527,461.18,-43.55,17.54,478.185,34.695,

[2024-10-22 15:24:18] ,2,31.381,450.701,95.148,-6.055,463.421,-123.261,

[2024-10-22 15:24:36] ,2,25.12,494.596,-171.724,-7.109,496.705,-153.435,

[2024-10-22 15:24:51] ,1,28.086,467.573,-38.1,1.722,472.451,84.852,

[2024-10-22 15:25:08] ,3,11.411,461.642,48.013,42.915,499.21,76.171,

[2024-10-22 15:25:31] ,2,-3.814,434.487,26.565,5.94,470.407,33.261,

[2024-10-22 15:25:52] ,1,7.654,428.489,69.261,2.118,447.471,-84.341,

[2024-10-22 15:26:08] ,1,2.711,466.123,51.499,1.525,482.469,-24.274,

[2024-10-22 15:31:01] ,1,23.472,428.16,-14.036,35.6,485.896,82.811,

[2024-10-22 15:32:44] ,2,7.984,426.644,172.681,0.997,481.085,3.094,

[2024-10-22 15:32:45] ,2,7.984,426.644,172.681,0.997,481.085,3.094,

[2024-10-22 15:32:47] ,2,8.115,426.512,171.798,0.997,481.085,3.094,

[2024-10-22 15:37:13] ,1,41.4,430.401,19.584,37.84,443.385,-87.421,

[2024-10-22 15:37:28] ,1,46.54,472.582,-18.273,36.852,473.373,-18.759,

[2024-10-22 15:37:43] ,1,58.14,478.58,15.164,46.343,496.573,0,

[2024-10-22 15:39:02] ,2,27.888,425.589,-152.731,35.138,461.246,-108.759,

[2024-10-22 15:39:04] ,2,27.888,425.589,-152.731,35.204,461.312,-109.411,

[2024-10-22 15:39:21] ,2,27.888,425.589,-152.731,35.204,461.312,-109.411,

[2024-10-22 16:21:44] ,1,-2.034,428.819,35.417,60.843,437.453,73.698,

[2024-10-22 16:21:59] ,1,7.654,439.892,-0.521,20.111,475.021,46.801,

[2024-10-22 16:22:31] ,1,3.502,441.276,-68.484,41.729,469.221,-79.192,

[2024-10-22 16:22:47] ,1,4.095,432.642,73.35,59.327,457.885,-53.027,

[2024-10-22 16:23:04] ,2,48.913,433.103,51.582,-2.694,452.217,-85.323,

[2024-10-22 16:23:21] ,1,54.911,446.746,56.023,49.177,471.198,84.341,

[2024-10-22 16:23:37] ,1,48.386,429.742,-60.895,60.052,450.371,84.289,

[2024-10-22 16:23:54] ,1,42.784,446.482,-76.464,26.306,462.432,15.524,

[2024-10-22 16:24:10] ,2,13.586,451.557,-54.462,52.209,473.967,-101.915,

[2024-10-22 16:24:26] ,2,32.897,427.896,-135,51.484,490.905,-136.469,

[2024-10-22 16:24:42] ,1,0.338,436.135,24.487,2.25,490.641,-84.852,

[2024-10-22 16:24:58] ,3,57.218,459.335,27.897,11.609,480.821,-52.199,

[2024-10-22 16:25:14] ,2,61.304,474.889,-15.164,19.979,475.812,24.487,

[2024-10-22 16:25:29] ,3,-4.341,429.61,78.44,6.665,448.526,-34.992,

[2024-10-22 16:25:52] ,3,14.113,484.117,-66.181,-12.184,487.346,18.166,

[2024-10-22 16:26:07] ,1,19.847,454.062,-89.479,13.322,486.16,-68.776,

[2024-10-22 16:26:23] ,3,2.975,440.287,26.565,1.327,475.614,9.392,

[2024-10-22 16:26:40] ,3,-6.978,425.194,-6.435,56.756,466.123,86.583,

[2024-10-22 16:26:56] ,2,5.545,466.255,53.44,17.013,487.742,61.805,

[2024-10-22 16:27:11] ,1,56.69,460.653,36.973,58.404,480.162,-88.452,

[2024-10-22 16:27:34] ,1,5.611,468.628,-11.31,48.122,491.169,-53.44,

[2024-10-22 16:27:52] ,3,25.845,426.38,78.354,-2.364,430.994,-65.556,

[2024-10-22 16:28:08] ,1,61.7,457.951,-60.895,-8.362,461.444,36.56,

[2024-10-22 16:28:24] ,3,2.381,440.353,5.5,3.502,466.848,-72.773,

[2024-10-22 16:28:40] ,3,-10.932,448.064,-73.055,-6.846,472.912,-41.386,

[2024-10-22 16:28:55] ,3,38.302,426.973,66.125,4.425,438.112,34.992,

[2024-10-22 16:29:10] ,3,-11.855,464.014,37.465,1.195,479.437,-85.307,

[2024-10-22 16:29:28] ,3,13.784,456.105,-84.036,5.809,499.078,-25.61,

[2024-10-22 16:29:50] ,1,3.765,437.123,42.064,56.229,476.801,-79.695,

[2024-10-22 16:30:08] ,2,-12.778,477.657,-151.348,26.372,478.976,-93.608,

[2024-10-22 16:30:27] ,2,9.895,436.069,-17.292,35.402,445.955,-37.694,

[2024-10-22 16:30:49] ,2,28.811,435.673,9.293,-11.064,443.978,91.051,

[2024-10-22 16:31:08] ,3,28.547,426.248,61.728,3.831,487.412,-37.801,

[2024-10-22 16:31:27] ,1,33.293,439.826,26.796,59.525,460.521,46.095,

[2024-10-22 16:31:51] ,1,42.652,427.501,-8.276,51.813,464.146,-67.816,

[2024-10-22 16:32:08] ,2,14.113,442.33,-127.6,11.938,478.778,-172.747,

[2024-10-22 16:32:31] ,2,1.854,440.287,102.642,38.565,450.305,59.744,

[2024-10-22 16:32:55] ,3,-6.846,436.596,9.392,61.502,474.823,39.588,

[2024-10-22 16:33:17] ,1,49.572,436.135,-61.348,46.013,495.387,9.8,

[2024-10-22 16:33:33] ,3,13.915,461.18,-36.87,21.825,493.014,-26.565,

[2024-10-22 16:33:47] ,2,34.611,467.837,-32.55,13.125,474.296,56.023,

[2024-10-22 16:34:10] ,2,59.656,475.68,-83.26,29.931,487.61,-72.058,

[2024-10-22 16:34:25] ,2,14.575,447.142,-36.254,53.527,466.782,-46.824,

[2024-10-22 16:34:39] ,1,-4.605,428.423,-53.44,5.281,465.003,84.341,

[2024-10-22 16:34:55] ,2,28.284,441.078,-5.194,49.506,443.055,134.275,

[2024-10-22 16:35:11] ,2,30.459,426.117,-98.865,43.179,441.671,169.603,

[2024-10-22 16:35:28] ,2,33.161,447.537,-152.049,44.168,486.16,149.3,

[2024-10-22 16:35:48] ,3,26.109,442.001,86.158,-12.316,442.726,-83.991,

[2024-10-22 16:36:04] ,2,1.261,434.223,-164.197,35.006,435.014,-45,

[2024-10-22 16:36:34] ,3,32.634,438.639,17.761,2.513,490.641,46.5,

[2024-10-22 16:36:48] ,2,59.459,470.342,-147.885,20.836,496.112,-74.836,

[2024-10-22 16:37:20] ,3,58.536,432.246,82.661,39.884,450.173,-86.583,

[2024-10-22 16:37:57] ,3,-10.075,480.426,-61.321,15.893,498.221,68.993,

[2024-10-22 16:38:16] ,1,58.075,448.657,80.2,22.286,481.019,6.74,

[2024-10-22 16:38:37] ,3,4.82,425.853,-82.293,41.795,434.026,-4.728,

[2024-10-22 16:38:56] ,3,17.804,431.587,84.459,2.777,491.103,62.103,

[2024-10-22 16:39:25] ,3,52.472,428.423,-35.587,50.561,487.412,3.842,

[2024-10-22 16:40:46] ,3,15.431,425.194,-19.511,48.254,475.087,28.272,

[2024-10-22 16:41:25] ,3,61.304,425.392,75.757,32.831,498.682,30.596,

[2024-10-22 16:42:10] ,1,-11.789,439.957,68.102,37.05,448.262,-5.659,

[2024-10-22 16:42:27] ,1,-10.932,488.005,-26.105,5.413,490.378,20.556,

