[2024-10-25 10:04:29] ,1,20.111,454.457,81.369,19.781,471.923,27.924,

[2024-10-25 10:04:42] ,2,11.081,431.653,-84.341,38.038,433.63,146.31,

[2024-10-25 10:04:57] ,2,34.15,441.869,-156.194,56.229,459.994,-106.991,

[2024-10-25 10:05:11] ,2,43.245,474.098,133.55,22.418,494.135,42.101,

[2024-10-25 10:05:25] ,1,51.154,451.228,-75.593,27.888,478.119,-72.525,

[2024-10-25 10:05:39] ,2,-1.969,449.646,123.69,44.959,475.746,-70.105,

[2024-10-25 10:05:55] ,1,-11.657,472.78,83.26,41.795,485.105,-64.581,

[2024-10-25 10:06:10] ,2,57.481,441.539,53.027,16.288,462.037,-178.977,

[2024-10-25 10:06:26] ,2,15.563,475.548,152.745,12.334,492.289,111.516,

[2024-10-25 10:06:41] ,1,-3.023,443.517,-4.635,55.768,476.273,65.513,

[2024-10-25 10:07:03] ,1,47.397,428.357,75.964,-3.88,463.026,66.194,

[2024-10-25 10:07:17] ,2,26.175,465.86,-16.504,30.129,493.607,98.785,

[2024-10-25 10:07:31] ,1,57.086,434.487,-28.405,20.111,440.551,-42.825,

[2024-10-25 10:07:45] ,1,-8.625,426.117,63.895,14.772,457.292,56.31,

[2024-10-25 10:07:59] ,1,54.713,467.178,-34.403,8.115,489.851,-80.707,

[2024-10-25 10:08:13] ,1,47.068,429.742,20.556,20.968,453.798,-13.912,

[2024-10-25 10:08:27] ,2,20.902,437.98,-169.603,53.131,475.021,-122.705,

[2024-10-25 10:08:41] ,1,37.906,429.412,27.711,58.47,436.53,80.2,

[2024-10-25 10:08:55] ,1,35.402,444.637,-68.009,47.859,489.455,4.594,

[2024-10-25 10:09:09] ,1,45.354,466.651,-63.662,57.547,484.842,-10.305,

[2024-10-25 10:09:24] ,2,24.659,442.923,151.595,40.213,455.644,-53.637,

[2024-10-25 10:09:42] ,2,55.175,446.812,-3.094,9.17,466.585,163.35,

[2024-10-25 10:09:56] ,3,-12.25,438.771,8.13,33.688,479.305,-42.614,

[2024-10-25 10:10:18] ,3,46.211,425.589,13.216,4.029,433.96,-28.474,

[2024-10-25 10:10:32] ,3,-9.021,433.432,-78.857,34.15,442.923,-0.849,

[2024-10-25 10:10:46] ,1,-5.989,431.257,-16.65,19.781,440.617,-19.411,

[2024-10-25 10:11:01] ,1,40.938,451.162,-71.727,33.095,470.342,16.015,

[2024-10-25 10:11:15] ,2,34.215,428.951,91.042,32.172,462.762,10.713,

[2024-10-25 10:11:29] ,2,46.145,435.739,78.085,26.702,487.676,-164.338,

[2024-10-25 10:11:43] ,3,1.656,435.146,9.324,6.006,474.032,-38.395,

[2024-10-25 10:11:56] ,3,17.936,430.928,-38.134,35.665,444.901,-58.891,

[2024-10-25 10:12:10] ,1,44.827,439.101,64.581,15.761,480.096,-32.55,

[2024-10-25 10:12:26] ,3,21.231,434.487,26.375,-1.507,455.973,-82.349,

[2024-10-25 10:12:42] ,3,8.445,464.805,71.431,57.877,474.692,69.544,

[2024-10-25 10:13:04] ,2,29.272,425.392,-86.906,8.247,435.805,177.955,

[2024-10-25 10:13:19] ,1,1.92,425.655,22.38,6.27,442.792,72.216,

[2024-10-25 10:13:32] ,3,51.484,437.585,83.241,-3.089,452.217,-78.939,

[2024-10-25 10:13:47] ,4,3.238,429.214,-68.962,31.315,467.046,116.565,

[2024-10-25 10:13:59] ,1,-9.548,463.619,-36.254,40.279,470.078,68.009,

[2024-10-25 10:14:21] ,2,3.172,431.455,-62.289,13.322,446.812,-130.657,

[2024-10-25 10:14:36] ,2,-10.8,438.507,108.435,33.095,448.196,105.662,

[2024-10-25 10:14:51] ,3,-11.657,478.317,-32.634,29.997,481.348,-79.771,

[2024-10-25 10:15:07] ,2,54.318,477.13,170.287,7.325,492.157,71.727,

[2024-10-25 10:15:21] ,1,31.975,447.932,-2.045,0.206,449.317,-57.019,

[2024-10-25 10:15:45] ,2,1.327,432.905,49.733,5.743,452.48,-53.334,

[2024-10-25 10:15:58] ,3,-11.459,478.976,-68.595,12.795,481.282,-30.165,

[2024-10-25 10:16:15] ,3,-0.057,469.814,62.676,45.42,481.612,53.723,

[2024-10-25 10:16:55] ,2,6.665,447.142,-85.914,20.045,453.337,-10.808,

[2024-10-25 10:17:12] ,3,53.922,450.305,51.274,22.22,486.292,15.479,

[2024-10-25 10:17:27] ,1,42.85,452.612,58.69,16.815,461.18,84.391,

[2024-10-25 10:17:41] ,1,24.922,454.392,-71.405,30.722,482.535,-79.287,

[2024-10-25 10:18:04] ,1,41.795,435.739,36.973,0.602,444.505,39.144,

[2024-10-25 10:18:18] ,2,8.379,425.787,174.806,19.518,429.544,-133.55,

[2024-10-25 10:18:33] ,2,-3.353,441.276,100.808,-4.671,457.951,98.276,

[2024-10-25 10:18:46] ,2,30.854,473.439,135,3.765,486.423,-55.176,

[2024-10-25 10:19:09] ,3,39.488,433.828,46.193,12.795,435.871,7.177,

[2024-10-25 10:19:23] ,2,51.681,431.917,170.112,34.347,435.937,97.253,

[2024-10-25 10:19:37] ,1,12.334,436.794,9.211,45.09,496.046,-58.595,

[2024-10-25 10:19:51] ,2,18.134,430.071,25.419,38.236,489.191,-66.869,

[2024-10-25 10:20:05] ,3,16.222,435.014,14.55,10.29,462.235,-22.977,

[2024-10-25 10:20:19] ,1,17.475,442.396,-17.784,36.061,444.505,78.69,

[2024-10-25 10:20:35] ,1,18.793,438.969,-86.934,34.677,465.794,69.624,

[2024-10-25 10:20:50] ,3,47.727,486.094,-35.44,17.211,494.398,-17.761,

[2024-10-25 10:21:04] ,1,32.7,438.837,-59.123,53.659,467.112,-20.376,

[2024-10-25 10:21:17] ,1,15.036,456.962,-59.56,36.325,459.862,-84.391,

[2024-10-25 10:21:35] ,3,11.938,425.128,-61.526,21.297,438.573,-85.732,

[2024-10-25 10:21:49] ,2,38.631,426.117,99.888,37.775,478.646,2.045,

[2024-10-25 10:22:03] ,3,33.886,445.889,63.246,7.852,451.755,-30.379,

[2024-10-25 10:22:17] ,1,-0.782,449.448,-49.343,37.643,478.448,32.276,

[2024-10-25 10:22:31] ,2,55.768,432.444,-24.955,40.477,460.521,58.158,

[2024-10-25 10:22:45] ,3,7.852,481.612,8.07,9.236,495.651,19.911,

[2024-10-25 10:22:58] ,1,41.531,427.962,22.659,-11.262,469.221,-80.2,

[2024-10-25 10:23:12] ,2,22.484,484.973,36.254,40.543,494.266,-165.336,

[2024-10-25 10:23:27] ,1,20.506,475.219,45.725,7.127,491.432,-56.31,

[2024-10-25 10:23:41] ,3,30.722,474.626,-86.186,51.55,476.735,26.754,

[2024-10-25 10:23:55] ,1,43.245,432.048,-4.635,16.684,456.567,19.895,

[2024-10-25 10:24:12] ,1,44.893,453.073,-77.692,3.238,468.76,-48.621,

[2024-10-25 10:24:29] ,3,10.686,488.071,2.121,-9.219,494.398,3.814,

[2024-10-25 10:24:44] ,2,41.795,434.223,-90,32.238,482.073,-28.856,

[2024-10-25 10:25:06] ,1,2.909,427.369,-6.74,22.945,437.848,62.745,

[2024-10-25 10:25:20] ,2,-5.462,488.862,33.69,61.37,496.178,-40.601,

[2024-10-25 10:25:34] ,3,7.786,430.73,-86.186,-9.35,436.53,27.897,

[2024-10-25 10:25:49] ,1,28.35,449.976,26.792,34.281,481.348,17.14,

[2024-10-25 10:26:11] ,2,32.304,443.253,167.082,18.002,474.56,31.139,

[2024-10-25 10:26:26] ,1,21.1,425.853,79.095,-0.123,466.651,-83.83,

[2024-10-25 10:26:40] ,2,46.013,455.644,69.624,51.681,467.376,-110.376,

[2024-10-25 10:26:54] ,1,42.125,440.814,-59.744,-6.978,464.08,-45,

[2024-10-25 10:27:07] ,3,58.8,477.13,-4.658,4.688,497.43,-70.891,

[2024-10-25 10:27:21] ,2,39.093,427.237,-1.042,22.747,466.782,7.125,

[2024-10-25 10:27:38] ,1,37.972,450.767,28.163,52.406,452.019,-5.102,

[2024-10-25 10:27:53] ,2,7.984,436.398,97.765,-11.064,447.735,-155.985,

[2024-10-25 10:28:09] ,2,-5.462,468.694,-69.444,45.618,491.498,29.554,

[2024-10-25 10:28:22] ,3,35.797,465.662,59.108,0.668,485.237,40.51,

[2024-10-25 10:28:36] ,1,-10.141,435.212,4.635,13.586,492.026,83.32,

[2024-10-25 10:28:50] ,1,55.768,453.007,65.045,59.195,498.748,16.157,

[2024-10-25 10:29:06] ,3,24.065,434.289,-5.541,60.975,457.292,74.521,

[2024-10-25 10:29:31] ,2,37.379,426.644,-41.719,14.113,486.555,-15.03,

[2024-10-25 10:29:44] ,1,7.061,446.021,80.2,1.986,472.517,31.842,

[2024-10-25 10:29:58] ,2,45.025,449.514,-177.955,4.359,458.017,-35.538,

[2024-10-25 10:30:14] ,1,13.059,432.18,-11.915,51.813,499.276,33.261,

[2024-10-25 10:30:31] ,3,0.338,454.392,12.804,36.786,457.357,36.617,

[2024-10-25 10:30:47] ,1,-4.078,436.135,-42.101,58.997,462.762,16.65,

[2024-10-25 10:31:02] ,2,59.129,478.317,-49.008,-9.284,499.21,-130.601,

[2024-10-25 10:31:27] ,1,39.62,462.498,-18.595,7.259,482.271,-77.082,

[2024-10-25 10:31:41] ,1,56.69,458.676,-70.589,33.161,477.921,-67.537,

[2024-10-25 10:31:56] ,1,15.695,436.135,-70.589,37.709,436.53,46.45,

[2024-10-25 10:32:11] ,4,8.379,436.596,2.045,7.654,457.423,-1.534,

[2024-10-25 10:32:30] ,1,32.7,446.548,57.295,46.409,450.898,21.329,

[2024-10-25 10:32:43] ,1,39.159,468.298,22.659,47.661,498.485,24.487,

[2024-10-25 10:32:56] ,1,21.956,437.585,-16.65,61.238,462.762,12.417,

[2024-10-25 10:33:10] ,3,47.397,440.023,-66.468,21.693,455.182,18.97,

[2024-10-25 10:33:24] ,3,12.795,452.085,-60.202,9.104,485.764,38.66,

[2024-10-25 10:33:39] ,1,45.552,431.719,-27.951,16.354,436.464,67.816,

[2024-10-25 10:33:53] ,1,18.463,450.173,3.576,28.02,464.871,10.214,

[2024-10-25 10:34:06] ,1,-3.221,436.992,64.359,22.418,469.287,-11.81,

[2024-10-25 10:34:20] ,2,40.609,445.889,-83.32,25.515,469.88,163.639,

[2024-10-25 10:34:44] ,3,6.138,448.526,-89.151,47.859,479.635,-45,

[2024-10-25 10:34:58] ,1,38.763,490.378,56.31,58.075,497.76,84.806,

[2024-10-25 10:35:12] ,3,-7.241,475.746,-71.431,-2.034,495.123,-15.479,

[2024-10-25 10:35:26] ,2,58.931,446.219,93.094,34.084,450.832,95.102,

[2024-10-25 10:35:39] ,3,-7.769,428.885,-55.251,52.472,464.937,81.093,

[2024-10-25 10:35:57] ,1,12.927,434.421,-64.12,53.922,448.064,51.18,

[2024-10-25 10:36:12] ,2,12.795,447.603,19.411,49.375,457.753,119.302,

[2024-10-25 10:36:26] ,3,42.388,471.923,-23.532,29.931,496.705,19.109,

[2024-10-25 10:36:43] ,1,28.02,436.267,0,49.638,438.969,-65.726,

[2024-10-25 10:37:00] ,3,-10.734,444.835,78.939,24.329,495.057,30.745,

[2024-10-25 10:37:14] ,2,38.368,438.31,85.878,0.931,451.623,109.895,

[2024-10-25 10:37:37] ,3,24.197,449.844,-2.106,31.579,463.026,2.106,

[2024-10-25 10:37:50] ,2,-10.471,430.928,-80.707,31.579,435.014,-68.962,

[2024-10-25 10:38:04] ,2,4.622,448.394,-132.101,42.059,464.476,36.363,

[2024-10-25 10:38:18] ,2,57.877,460.192,67.816,57.218,487.544,107.14,

[2024-10-25 10:38:32] ,3,-8.494,455.973,25.427,-6.253,492.882,59.621,

[2024-10-25 10:38:47] ,3,34.281,430.401,-71.431,3.568,433.564,5.08,

[2024-10-25 10:39:04] ,2,50.034,441.342,-52.306,57.02,483.655,-82.747,

[2024-10-25 10:39:18] ,1,16.288,452.81,67.068,60.052,471.462,86.424,

[2024-10-25 10:39:42] ,2,29.14,464.937,33.83,0.14,481.744,-73.843,

[2024-10-25 10:39:56] ,1,57.679,461.18,-15.662,5.018,478.448,-79.287,

[2024-10-25 10:40:10] ,3,32.238,429.873,29.219,50.363,470.671,-61.356,

[2024-10-25 10:40:26] ,2,11.675,452.81,-102.308,53.065,476.076,3.094,

[2024-10-25 10:40:48] ,1,38.368,473.11,-4.594,36.588,486.094,-88.466,

[2024-10-25 10:41:03] ,2,36.259,439.957,-71.565,50.825,445.626,163.35,

[2024-10-25 10:41:17] ,1,36.193,453.732,-85.914,3.106,469.814,-90,

[2024-10-25 10:41:31] ,2,27.559,439.364,30.7,29.404,458.082,124.535,

[2024-10-25 10:41:45] ,2,58.47,464.739,-53.334,15.959,469.023,155.26,

[2024-10-25 10:42:11] ,1,39.62,446.878,6.116,53.461,469.155,-86.934,

[2024-10-25 10:42:25] ,1,48.65,425.392,19.584,58.536,486.555,18.273,

[2024-10-25 10:42:39] ,2,60.975,452.019,-21.991,5.545,473.505,48.958,

[2024-10-25 10:42:52] ,1,5.545,456.962,75.101,5.281,493.212,2.579,

[2024-10-25 10:43:06] ,2,56.031,430.269,23.806,53.395,449.251,168.19,

[2024-10-25 10:43:20] ,1,41.07,441.671,-4.122,24.725,490.048,43.919,

[2024-10-25 10:43:36] ,1,19.518,462.037,51.814,-4.803,476.339,0,

[2024-10-25 10:43:50] ,3,58.14,473.571,-86.186,28.745,493.937,-35.096,

[2024-10-25 10:44:04] ,3,-10.932,425.26,-59.255,-6.516,481.282,-65.344,

[2024-10-25 10:44:18] ,2,53.725,448.921,32.276,37.511,455.248,68.484,

[2024-10-25 10:44:31] ,1,57.679,465.003,-86.424,37.906,496.573,-4.086,

[2024-10-25 10:44:48] ,2,52.802,461.773,-174.898,49.111,487.148,-4.122,

[2024-10-25 10:45:04] ,1,12.993,480.755,-54.345,43.377,494.53,-0.516,

[2024-10-25 10:45:36] ,1,50.1,461.839,-18.113,50.363,496.507,-59.036,

[2024-10-25 10:45:59] ,1,0.668,469.946,38.1,32.106,480.623,60.255,

[2024-10-25 10:46:12] ,1,25.647,459.862,1.014,25.845,475.68,-73.156,

[2024-10-25 10:46:35] ,1,-7.703,442.528,75.466,50.759,488.335,-67.341,

[2024-10-25 10:46:51] ,3,44.365,473.373,-17.103,-11.789,480.03,52.535,

[2024-10-25 10:47:05] ,3,9.17,431.521,13.216,4.82,449.976,32.634,

[2024-10-25 10:47:19] ,1,44.827,455.973,-65.934,-3.748,465.992,-78.69,

[2024-10-25 10:47:33] ,1,29.8,439.496,-9.8,43.047,452.612,73.985,

[2024-10-25 10:47:47] ,1,30.656,461.707,28.61,9.961,469.946,-90,

[2024-10-25 10:48:01] ,1,14.575,426.644,-5.148,-2.694,489.455,-17.784,

[2024-10-25 10:48:16] ,2,20.77,456.039,-157.816,9.895,470.012,-60.945,

[2024-10-25 10:48:32] ,3,18.134,429.478,73.706,12.795,448.064,5.08,

[2024-10-25 10:48:46] ,3,33.029,441.078,-40.236,-7.505,449.91,-59.255,

[2024-10-25 10:49:00] ,3,56.888,465.86,-32.989,47.2,493.08,29.798,

[2024-10-25 10:49:17] ,2,51.681,452.019,-145.597,2.052,472.385,-174.852,

[2024-10-25 10:49:31] ,1,2.975,442.396,-88.977,47.595,443.121,11.915,

[2024-10-25 10:49:46] ,3,-0.387,437.189,-70.489,56.822,471.462,82.716,

[2024-10-25 10:50:00] ,2,49.704,434.619,-87.936,38.631,447.076,-149.56,

[2024-10-25 10:50:16] ,3,5.545,438.837,-74.932,28.086,445.164,81.93,

[2024-10-25 10:50:31] ,2,5.479,451.887,-103.536,33.161,452.876,-164.612,

[2024-10-25 10:50:47] ,3,50.693,468.035,47.099,-0.321,479.964,-17.103,

[2024-10-25 10:51:03] ,1,23.736,436.926,6.68,33.82,474.757,60.698,

[2024-10-25 10:51:17] ,3,23.34,471.792,-32.05,-6.384,482.205,-84.883,

[2024-10-25 10:51:40] ,3,60.843,486.292,46.809,15.168,493.014,64.957,

[2024-10-25 10:52:04] ,1,40.675,440.814,24.274,6.929,442.067,-40.267,

[2024-10-25 10:52:18] ,1,-8.955,429.148,-9.888,-8.757,466.255,8.276,

[2024-10-25 10:52:32] ,2,14.245,441.342,-98.202,42.718,486.028,-83.83,

[2024-10-25 10:52:46] ,2,3.172,455.117,111.329,11.806,472.846,161.241,

[2024-10-25 10:53:02] ,1,13.915,435.937,-55.176,34.611,436.794,-84.391,

[2024-10-25 10:53:18] ,2,31.381,462.235,100.713,44.761,477.196,-44.275,

[2024-10-25 10:53:32] ,3,43.311,461.773,90,52.472,485.303,-42.306,

[2024-10-25 10:53:46] ,2,5.677,444.242,69.146,21.297,490.312,-6.17,

[2024-10-25 10:54:00] ,1,61.436,429.939,34.695,-2.562,447.537,-52.306,

[2024-10-25 10:54:23] ,3,14.97,425.523,-67.249,41.202,480.03,-71.966,

[2024-10-25 10:54:37] ,2,33.688,425.919,154.359,30.195,496.705,170.2,

[2024-10-25 10:54:51] ,1,13.915,436.267,16.65,56.493,439.167,32.276,

[2024-10-25 10:55:04] ,1,51.418,428.028,74.338,37.05,449.382,79.786,

[2024-10-25 10:55:18] ,1,-4.144,430.928,-28.856,-0.98,451.755,15.524,

[2024-10-25 10:55:32] ,1,-4.012,474.23,-48.24,50.429,494.003,80.2,

[2024-10-25 10:55:47] ,1,27.163,438.507,7.696,45.222,480.492,-35.242,

[2024-10-25 10:56:02] ,2,53.395,439.101,43.905,8.84,456.369,-150.698,

[2024-10-25 10:56:17] ,1,-8.23,439.364,-90,52.34,445.626,-73.843,

[2024-10-25 10:56:32] ,2,31.513,468.826,-151.837,52.077,485.896,-87.936,

[2024-10-25 10:56:55] ,1,7.127,434.289,47.899,22.615,491.564,77.692,

[2024-10-25 10:57:09] ,2,6.468,431.455,56.31,-3.88,476.076,141.18,

[2024-10-25 10:57:23] ,1,60.645,438.178,7.765,-4.934,452.282,-47.175,

[2024-10-25 10:57:36] ,2,49.968,438.705,-3.576,-3.089,441.935,26.796,

[2024-10-25 10:57:49] ,1,20.309,455.248,-88.479,-8.757,470.21,21.038,

[2024-10-25 10:58:03] ,2,57.481,451.689,137.899,-6.253,453.271,-67.537,

[2024-10-25 10:58:18] ,1,28.943,445.692,-87.955,22.022,490.114,-4.594,

[2024-10-25 10:58:33] ,1,22.615,439.101,23.334,2.975,465.003,-42.479,

[2024-10-25 10:58:47] ,2,50.231,441.21,-15.03,39.159,451.623,136.801,

[2024-10-25 10:59:01] ,3,-3.748,444.769,25.427,35.995,487.742,26.375,

[2024-10-25 10:59:14] ,2,43.377,428.753,76.088,3.37,470.869,-132.138,

[2024-10-25 10:59:29] ,2,-1.573,469.353,115.88,39.159,496.441,96.17,

[2024-10-25 10:59:42] ,3,11.147,438.244,85.764,29.009,446.021,-17.632,

[2024-10-25 11:00:05] ,1,16.75,447.735,4.554,19.781,463.882,-90,

[2024-10-25 11:00:21] ,3,31.777,445.428,40.51,-1.771,467.442,40.236,

[2024-10-25 11:00:34] ,3,5.94,436.332,4.236,-6.055,492.091,-41.704,

[2024-10-25 11:00:52] ,2,54.779,428.819,-107.784,29.206,491.828,145.176,

[2024-10-25 11:01:08] ,2,24.593,485.171,-55.597,57.284,485.369,-14.534,

[2024-10-25 11:01:26] ,3,-10.273,476.273,69.544,60.052,497.76,6.809,

[2024-10-25 11:01:42] ,3,10.356,437.255,66.468,55.702,480.821,-8.07,

[2024-10-25 11:02:04] ,3,27.361,432.312,89.151,4.688,486.555,73.706,

[2024-10-25 11:02:18] ,3,12.268,448.13,-87.879,32.7,455.512,87.032,

[2024-10-25 11:02:42] ,3,-4.473,466.189,-22.977,-2.891,492.816,2.968,

[2024-10-25 11:03:08] ,1,10.488,459.137,-64.799,39.027,493.541,-77.583,

[2024-10-25 11:03:22] ,2,54.186,436.332,84.852,28.547,466.057,74.97,

[2024-10-25 11:03:35] ,3,26.504,439.562,88.746,2.118,499.869,53.13,

[2024-10-25 11:04:00] ,1,27.229,468.167,54.758,-4.605,478.646,-29.302,

[2024-10-25 11:04:18] ,1,41.927,467.639,-28.163,20.44,495.057,20.376,

[2024-10-25 11:04:32] ,1,27.031,484.182,36.666,2.711,488.928,34.824,

[2024-10-25 11:04:46] ,2,-11.789,441.342,64.359,3.04,445.296,26.105,

[2024-10-25 11:04:59] ,2,-2.957,432.576,-63.895,1.129,488.335,15.662,

[2024-10-25 11:05:13] ,1,58.865,441.276,55.597,30.788,462.564,-77.692,

[2024-10-25 11:05:36] ,1,-12.844,452.348,-1.032,4.688,453.007,-65.26,

[2024-10-25 11:05:50] ,1,6.929,455.907,76.209,-10.669,460.257,-37.786,

[2024-10-25 11:06:05] ,1,-12.778,439.826,31.842,28.218,483.457,76.088,

[2024-10-25 11:06:19] ,1,1.195,437.387,-77.583,2.711,492.948,-41.719,

[2024-10-25 11:06:33] ,2,6.995,445.823,-162.708,48.584,479.239,-55.597,

[2024-10-25 11:06:48] ,2,29.075,430.862,-172.811,45.156,473.439,-53.334,

[2024-10-25 11:07:04] ,1,-6.187,458.478,-54.881,47.529,477.328,39.936,

[2024-10-25 11:07:19] ,2,-9.021,443.319,-87.955,45.881,470.539,66.4,

[2024-10-25 11:07:34] ,1,19.254,439.232,-80.789,41.465,450.305,28.856,

[2024-10-25 11:07:50] ,2,45.288,452.348,155.513,46.145,488.862,155.045,

[2024-10-25 11:08:04] ,1,-8.889,469.089,80.2,45.684,479.964,25.201,

[2024-10-25 11:08:17] ,1,54.186,465.267,-9.713,36.72,475.021,-34.535,

[2024-10-25 11:08:31] ,1,52.802,458.148,-80.2,57.218,488.73,-42.101,

[2024-10-25 11:08:45] ,2,-8.362,462.498,-73.985,14.509,477.328,15.03,

[2024-10-25 11:09:07] ,2,39.554,436.86,-128.82,57.679,472.055,92.045,

[2024-10-25 11:09:22] ,3,-7.439,447.932,-87.436,2.118,470.605,-39.319,

[2024-10-25 11:09:36] ,1,36.852,432.576,-6.17,35.468,465.332,44.64,

[2024-10-25 11:09:49] ,2,50.759,452.612,23.6,37.115,457.357,-27.711,

[2024-10-25 11:10:03] ,2,51.286,483.655,90,35.138,490.839,61.595,

[2024-10-25 11:10:16] ,3,22.813,437.123,-71.431,-12.119,439.694,-40.186,

[2024-10-25 11:10:32] ,1,-12.844,449.382,80.707,13.784,483.787,48.621,

[2024-10-25 11:10:46] ,2,19.188,438.969,74.476,20.375,457.489,-97.628,

[2024-10-25 11:11:00] ,1,19.584,449.91,-21.991,14.97,474.032,-13.299,

[2024-10-25 11:11:13] ,3,3.568,474.428,-5.921,26.834,482.667,37.543,

[2024-10-25 11:11:27] ,1,58.997,437.651,-42.825,40.74,499.869,-22.859,

[2024-10-25 11:11:42] ,3,16.684,428.16,49.214,-10.669,472.187,-46.5,

[2024-10-25 11:11:58] ,2,33.293,451.426,54.758,58.009,464.673,90,

[2024-10-25 11:12:12] ,2,60.25,446.153,-45,21.627,464.212,31.842,

[2024-10-25 11:12:25] ,3,0.8,437.321,-9.811,-12.844,468.76,-14.444,

[2024-10-25 11:12:38] ,2,-7.9,444.769,147.885,56.031,473.505,149.3,

[2024-10-25 11:13:00] ,3,-9.153,472.978,50.412,35.336,488.071,75.861,

[2024-10-25 11:13:14] ,1,60.184,440.682,-41.379,25.581,444.11,-67.816,

[2024-10-25 11:13:28] ,1,53.988,431.323,-77.471,36.918,438.442,8.785,

[2024-10-25 11:13:43] ,2,50.89,484.512,-150.446,8.511,498.221,-14.664,

[2024-10-25 11:13:58] ,3,15.234,441.935,13.216,10.29,463.619,-60.412,

[2024-10-25 11:14:12] ,2,20.111,468.628,-84.898,47.2,474.626,130.657,

[2024-10-25 11:14:26] ,3,32.04,425.326,2.121,2.052,482.996,48.576,

[2024-10-25 11:14:40] ,3,-0.65,429.017,-81.027,5.677,486.423,-83.613,

[2024-10-25 11:15:02] ,1,2.513,428.687,-45.365,24.131,447.932,-36.666,

[2024-10-25 11:15:16] ,1,-0.123,455.248,-79.287,22.615,468.496,5.102,

[2024-10-25 11:15:30] ,1,27.361,453.996,-90,36.984,476.01,88.977,

[2024-10-25 11:15:45] ,2,37.643,432.51,126.254,4.227,440.748,-119.554,

[2024-10-25 11:16:02] ,1,17.54,442.198,-52.214,27.954,495.189,86.392,

[2024-10-25 11:16:20] ,1,44.827,443.253,-77.082,-5.594,496.046,68.962,

[2024-10-25 11:16:34] ,1,-7.9,430.664,-17.292,15.695,431.126,5.659,

[2024-10-25 11:16:48] ,3,-12.316,477.196,77.005,36.786,480.162,-2.968,

[2024-10-25 11:17:02] ,3,58.338,463.619,10.154,9.697,485.83,-30.745,

[2024-10-25 11:17:25] ,1,38.961,451.689,85.406,8.181,467.573,64.581,

[2024-10-25 11:17:39] ,3,43.443,434.817,8.07,-12.25,442.66,-5.921,

[2024-10-25 11:17:54] ,1,37.445,432.378,9.8,-0.782,495.914,-70.105,

[2024-10-25 11:18:08] ,1,57.152,431.851,-87.955,14.706,479.042,47.175,

[2024-10-25 11:18:23] ,2,9.038,428.226,119.809,58.075,480.426,6.17,

[2024-10-25 11:18:40] ,1,37.313,448.46,-40.326,10.686,492.355,64.581,

[2024-10-25 11:18:56] ,1,30.525,457.16,-39.936,52.34,482.93,-78.085,

[2024-10-25 11:19:19] ,1,58.536,431.455,-57.171,29.602,438.442,57.45,

[2024-10-25 11:19:33] ,2,10.422,425.392,-32.115,-11.657,460.521,110.556,

[2024-10-25 11:19:47] ,1,10.093,436.135,27.711,25.186,451.689,-45,

[2024-10-25 11:20:01] ,2,54.515,442.001,-140.856,0.931,471.726,132.101,

[2024-10-25 11:20:16] ,1,13.388,466.255,-21.991,1.525,488.005,-50.064,

[2024-10-25 11:20:29] ,1,5.15,476.867,-22.659,47.068,484.446,43.199,

[2024-10-25 11:20:43] ,3,52.868,481.217,-43.21,34.611,497.035,-66.297,

[2024-10-25 11:21:05] ,2,53.065,457.687,103.536,-6.45,468.826,84.341,

[2024-10-25 11:21:19] ,2,47.134,454.787,-88.977,1.986,463.751,-140.458,

[2024-10-25 11:21:42] ,2,58.338,474.23,-42.479,30.525,484.644,-30.877,

[2024-10-25 11:21:55] ,1,23.538,459.73,15.388,17.672,497.628,-4.594,

[2024-10-25 11:22:10] ,3,22.088,434.685,88.303,16.156,454.655,-60.781,

[2024-10-25 11:22:25] ,2,45.156,427.632,-80.707,10.554,435.805,117.711,

[2024-10-25 11:22:39] ,3,-12.382,434.092,13.727,-1.046,453.864,52.457,

[2024-10-25 11:22:53] ,1,40.015,426.973,25.641,8.445,438.244,-58.158,

[2024-10-25 11:23:08] ,2,41.465,436.728,-170.707,16.156,445.823,151.144,

[2024-10-25 11:23:23] ,2,6.072,439.298,-146.739,48.32,451.755,11.31,

[2024-10-25 11:23:37] ,3,26.043,431.587,82.349,1.459,439.035,-20.308,

[2024-10-25 11:23:51] ,2,-10.603,442.594,79.192,4.095,474.626,69.624,

[2024-10-25 11:24:04] ,2,29.931,445.428,156.602,50.89,474.362,129.218,

[2024-10-25 11:24:18] ,3,16.025,448.13,18.569,52.472,453.007,-65.908,

[2024-10-25 11:24:32] ,2,60.909,443.714,-88.968,33.952,476.076,149.123,

[2024-10-25 11:24:47] ,2,55.9,464.542,-132.479,22.352,472.78,169.786,

[2024-10-25 11:25:03] ,3,51.022,436.728,-29.427,-6.978,473.242,86.158,

[2024-10-25 11:25:17] ,2,43.509,429.873,-81.649,21.89,443.648,-35.538,

[2024-10-25 11:25:31] ,3,27.954,434.751,89.572,46.54,489.06,56.192,

[2024-10-25 11:25:53] ,3,15.629,451.557,88.303,-11.064,467.969,11.061,

[2024-10-25 11:26:07] ,2,38.236,428.423,77.583,46.672,479.898,171.293,

[2024-10-25 11:26:22] ,3,28.811,437.914,74.521,6.731,478.251,8.427,

[2024-10-25 11:26:35] ,2,38.104,446.548,1.548,58.865,480.426,-35.119,

[2024-10-25 11:26:50] ,3,23.472,462.037,87.054,-8.625,485.303,64.39,

[2024-10-25 11:27:06] ,3,19.254,439.957,-34.749,-8.823,472.187,-79.276,

[2024-10-25 11:27:22] ,1,21.231,451.689,14.899,50.825,480.162,-11.411,

[2024-10-25 11:27:47] ,1,-10.339,454.919,-80.707,16.552,472.187,27.474,

[2024-10-25 11:28:02] ,2,34.611,441.869,170.707,29.47,464.146,-180,

[2024-10-25 11:28:17] ,1,31.447,444.439,-8.202,56.229,473.439,-33.69,

[2024-10-25 11:28:39] ,1,16.156,475.351,57.45,35.731,482.864,-7.628,

[2024-10-25 11:28:55] ,1,61.831,430.071,-38.418,37.05,437.848,-6.68,

[2024-10-25 11:29:11] ,1,20.968,427.83,-22.659,1.986,432.246,-14.036,

[2024-10-25 11:29:26] ,1,-12.778,443.582,54.881,47.859,491.037,-52.619,

[2024-10-25 11:29:43] ,1,50.89,440.485,82.304,49.309,479.173,-90,

[2024-10-25 11:29:59] ,2,50.561,435.937,144.583,46.343,448.987,164.476,

[2024-10-25 11:30:15] ,1,26.24,441.21,-27.022,16.09,496.837,-84.852,

[2024-10-25 11:30:29] ,3,18.2,427.369,17.227,-8.428,437.98,-37.126,

[2024-10-25 11:30:46] ,1,1.327,466.387,86.961,61.304,490.246,-63.204,

[2024-10-25 11:31:09] ,1,-10.537,471.067,20.376,19.518,492.948,64.12,

[2024-10-25 11:31:23] ,1,37.643,437.585,88.466,49.638,450.964,4.086,

[2024-10-25 11:31:37] ,1,18.925,429.873,66.666,48.913,482.535,50.782,

[2024-10-25 11:31:51] ,1,31.052,459.203,-80.372,40.74,493.41,-1.534,

[2024-10-25 11:32:07] ,1,29.668,448.855,8.631,12.268,452.085,45.716,

[2024-10-25 11:32:21] ,1,49.243,427.567,12.417,-4.737,493.871,36.973,

[2024-10-25 11:32:36] ,3,36.72,435.805,-49.214,6.731,488.994,25.994,

[2024-10-25 11:33:00] ,1,22.418,463.157,-72.86,-0.519,492.553,70.589,

[2024-10-25 11:33:16] ,3,38.434,432.51,-86.583,-9.087,458.873,69.544,

[2024-10-25 11:33:31] ,3,-0.782,451.096,-33.219,2.513,479.437,45.3,

[2024-10-25 11:33:45] ,3,31.25,425.128,31.329,28.481,477.196,-24.479,

[2024-10-25 11:33:59] ,2,21.627,470.605,-65.934,6.402,479.437,-109.722,

[2024-10-25 11:34:14] ,2,48.65,429.412,168.085,18.859,431.917,123.261,

[2024-10-25 11:34:30] ,1,45.75,474.692,65.934,59.92,487.478,64.359,

[2024-10-25 11:34:53] ,3,-9.153,460.192,29.219,-4.341,493.805,-8.552,

[2024-10-25 11:35:07] ,1,15.497,458.28,-39.611,19.188,487.544,62.978,

[2024-10-25 11:35:21] ,2,-2.957,455.512,-11.411,32.304,486.489,-7.696,

[2024-10-25 11:35:34] ,3,-0.585,425.194,-78.939,59.986,434.817,3.814,

[2024-10-25 11:35:48] ,3,-8.559,438.771,37.801,25.12,452.085,59.835,

[2024-10-25 11:36:06] ,2,19.188,425.787,-21.038,43.377,462.037,66.869,

[2024-10-25 11:36:21] ,3,12.663,456.632,21.49,-10.669,473.307,-87.032,

[2024-10-25 11:36:37] ,2,52.736,440.485,28.163,19.32,479.173,-175.914,

[2024-10-25 11:36:52] ,3,-10.471,437.057,63.625,51.154,495.716,59.036,

[2024-10-25 11:37:09] ,2,20.44,428.621,-132.797,50.034,449.448,31.405,

[2024-10-25 11:37:27] ,3,28.152,478.58,38.726,-8.032,494.398,31.691,

[2024-10-25 11:37:49] ,2,32.765,431.521,-138.281,41.663,466.387,-61.39,

[2024-10-25 11:38:03] ,1,15.102,495.98,50.458,37.445,498.155,-34.403,

[2024-10-25 11:38:17] ,1,8.577,458.544,4.635,5.084,499.737,-52.306,

[2024-10-25 11:38:33] ,1,55.768,425.194,20.739,17.409,464.278,81.798,

[2024-10-25 11:38:47] ,2,-6.384,444.769,122.55,60.381,494.991,-67.816,

[2024-10-25 11:39:02] ,3,36.127,471.264,14.55,-2.166,493.278,-25.427,

[2024-10-25 11:39:15] ,2,59.788,425.589,119.809,43.772,428.687,157.141,

[2024-10-25 11:39:31] ,2,21.1,426.907,149.036,29.734,453.535,-111.516,

[2024-10-25 11:39:54] ,2,3.568,469.485,-107.14,41.136,499.605,-37.284,

[2024-10-25 11:40:08] ,1,31.843,433.037,-39.936,8.313,491.762,6.68,

[2024-10-25 11:40:23] ,2,10.884,433.367,125.838,52.736,477.394,12.918,

[2024-10-25 11:40:41] ,3,-8.889,457.885,84.844,-1.441,494.201,-40.51,

[2024-10-25 11:40:57] ,1,56.822,434.487,27.022,4.952,436.332,-65.726,

[2024-10-25 11:41:11] ,1,43.772,449.514,-66.869,50.1,492.816,43.55,

[2024-10-25 11:41:26] ,2,-11.525,448.987,-133.531,36.72,488.137,-21.038,

[2024-10-25 11:41:39] ,1,3.436,437.453,40.657,24.461,473.307,-48.24,

[2024-10-25 11:42:02] ,2,30.59,467.112,-77.082,27.163,485.83,114.955,

[2024-10-25 11:42:16] ,1,12.531,428.423,14.036,48.32,452.414,-38.501,

[2024-10-25 11:42:30] ,1,18.331,442.198,-28.163,4.425,457.423,64.799,

[2024-10-25 11:42:44] ,3,51.484,439.101,84.883,-3.616,471.594,-43.5,

[2024-10-25 11:42:58] ,1,11.345,427.171,74.836,7.39,473.703,-44.284,

[2024-10-25 11:43:13] ,2,24.527,446.548,45,20.111,462.367,-46.801,

[2024-10-25 11:43:26] ,1,37.445,433.696,-62.289,53.856,462.037,-6.116,

[2024-10-25 11:43:40] ,1,-9.812,462.301,-50.064,25.12,484.842,-37.073,

[2024-10-25 11:43:57] ,1,-10.273,430.137,-62.289,33.227,454.326,-17.14,

[2024-10-25 11:44:11] ,2,13.256,425.589,132.447,-5.396,454.457,-107.14,

[2024-10-25 11:44:27] ,1,43.311,446.351,-18.759,24.988,496.376,37.381,

[2024-10-25 11:44:49] ,3,-5,446.219,-84.459,2.052,476.076,31.47,

[2024-10-25 11:45:05] ,3,33.227,435.278,-15.593,-12.382,442.857,55.954,

[2024-10-25 11:45:19] ,2,25.977,470.012,-169.287,39.29,481.414,-55.465,

[2024-10-25 11:45:41] ,3,16.881,426.117,-64.006,39.884,432.18,0.428,

[2024-10-25 11:45:57] ,1,52.934,425.194,-59.3,42.85,483.128,36.666,

[2024-10-25 11:46:11] ,3,0.931,460.719,-13.727,51.22,461.839,27.699,

[2024-10-25 11:46:25] ,3,55.372,464.871,-42.589,-1.112,494.926,48.935,

[2024-10-25 11:46:42] ,3,-11.723,462.498,8.973,30.986,499.144,45,

[2024-10-25 11:47:00] ,3,0.8,430.203,-61.356,51.286,449.58,-52.199,

[2024-10-25 11:47:17] ,3,23.736,429.346,15.366,18.463,452.217,74.228,

[2024-10-25 11:47:41] ,1,-11.13,480.228,68.009,10.62,485.962,54.758,

[2024-10-25 11:47:58] ,2,14.772,473.307,17.14,10.752,497.628,88.958,

[2024-10-25 11:48:17] ,3,11.806,430.071,20.456,-8.955,431.06,-12.899,

[2024-10-25 11:48:47] ,2,49.309,426.776,114.955,2.579,436.53,-71.727,

[2024-10-25 11:49:02] ,1,21.363,442.792,15.03,35.929,458.082,81.87,

[2024-10-25 11:49:16] ,2,-11.987,456.369,-173.26,39.686,477.921,-155.045,

[2024-10-25 11:49:31] ,1,60.909,425.194,-80.112,15.695,436.662,-50.782,

[2024-10-25 11:49:45] ,1,-11.196,429.148,71.565,34.94,449.976,8.707,

[2024-10-25 11:49:59] ,2,18.397,444.11,121.139,19.65,468.101,107.628,

[2024-10-25 11:50:15] ,1,53.395,435.212,18.435,43.113,453.337,-63.662,

[2024-10-25 11:50:29] ,1,45.552,435.805,-57.45,-11.591,486.489,44.265,

[2024-10-25 11:50:43] ,2,19.122,437.717,77.082,12.004,478.251,75.593,

[2024-10-25 11:50:57] ,3,-10.273,467.837,0,57.35,475.351,56.192,

[2024-10-25 11:51:11] ,2,19.65,469.221,-135.716,38.434,495.519,-103.536,

[2024-10-25 11:51:27] ,1,51.022,429.939,-62.745,12.993,434.948,63.895,

[2024-10-25 11:51:43] ,3,54.779,481.612,-19.37,-9.944,498.353,55.601,

[2024-10-25 11:51:59] ,1,23.275,428.028,-57.45,28.745,462.96,-19.242,

[2024-10-25 11:52:13] ,2,7.654,475.021,174.341,43.179,475.351,-122.55,

[2024-10-25 11:52:38] ,1,50.034,438.112,-84.391,16.156,482.601,56.592,

[2024-10-25 11:52:53] ,2,20.704,433.103,-60.446,-3.023,456.105,58.595,

[2024-10-25 11:53:07] ,2,-11.987,426.446,111.224,-12.119,443.846,20.556,

[2024-10-25 11:53:20] ,1,60.25,445.362,83.32,12.795,497.562,-38.418,

[2024-10-25 11:53:35] ,3,5.479,472.846,28.072,54.318,482.469,-72.239,

[2024-10-25 11:53:49] ,2,12.07,430.137,-154.359,31.052,465.267,79.192,

[2024-10-25 11:54:04] ,1,57.679,449.514,-12.308,16.75,474.56,22.463,

[2024-10-25 11:54:20] ,2,51.615,444.769,45,53.395,463.421,-144.462,

[2024-10-25 11:54:43] ,2,38.302,450.767,169.786,29.206,462.96,0,

[2024-10-25 11:54:57] ,2,53.725,432.114,-135,10.686,467.771,135,

[2024-10-25 11:55:12] ,1,56.361,437.585,-59.3,53.593,474.823,-58.861,

[2024-10-25 11:55:25] ,2,61.963,429.478,-54.881,-2.166,432.444,96.74,

[2024-10-25 11:55:39] ,3,19.913,465.926,21.098,46.738,474.56,77.196,

[2024-10-25 11:55:53] ,2,19.188,449.119,-174.898,53.988,483.589,-13.416,

[2024-10-25 11:56:09] ,2,35.27,439.76,127.073,38.302,499.341,96.226,

[2024-10-25 11:56:22] ,3,-7.637,430.928,-19.911,7.786,462.235,11.476,

[2024-10-25 11:56:35] ,1,14.311,438.442,84.898,-1.771,443.055,87.955,

[2024-10-25 11:56:49] ,1,61.37,427.764,-56.023,54.911,450.371,89.488,

[2024-10-25 11:57:04] ,1,37.313,467.31,59.123,61.7,482.996,74.338,

[2024-10-25 11:57:18] ,3,56.163,433.235,-70.489,-11.064,433.96,-67.643,

[2024-10-25 11:57:32] ,3,56.69,431.126,-2.968,8.313,464.739,-63.246,

[2024-10-25 11:57:47] ,3,-0.123,464.014,-11.061,51.088,482.996,23.532,

[2024-10-25 11:58:01] ,1,22.154,431.257,24.955,52.34,487.017,27.255,

[2024-10-25 11:58:16] ,3,24.593,431.455,32.276,-9.35,456.435,72.368,

[2024-10-25 11:58:30] ,2,49.968,436.53,108.435,42.718,468.496,131.042,

[2024-10-25 11:58:52] ,1,41.4,451.755,60.001,48.452,469.551,47.175,

[2024-10-25 11:59:13] ,3,14.377,438.244,29.798,-11.723,453.271,-59.036,

[2024-10-25 11:59:29] ,1,11.213,458.214,-27.022,-8.823,469.748,-61.837,

[2024-10-25 11:59:43] ,1,49.111,435.146,-39.936,36.061,467.046,33.408,

[2024-10-25 12:00:07] ,3,-7.834,488.269,-16.294,60.184,495.848,13.412,

[2024-10-25 12:00:28] ,1,-9.878,432.773,84.852,24.922,446.878,-90,

[2024-10-25 12:00:43] ,1,1.59,455.71,-24.74,6.336,488.335,-47.899,

[2024-10-25 12:00:58] ,1,8.181,428.489,2.579,49.902,449.251,51.499,

[2024-10-25 12:01:12] ,2,40.477,469.485,149.56,16.09,472.648,59.56,

[2024-10-25 12:01:26] ,2,58.404,444.176,-174.341,20.572,477.657,132.101,

[2024-10-25 12:01:44] ,1,-3.484,441.144,-15.662,-0.585,463.157,8.202,

[2024-10-25 12:01:58] ,3,46.013,454.787,22.587,-7.966,486.753,49.49,

[2024-10-25 12:02:19] ,3,44.234,440.089,-87.455,-9.812,440.353,82.293,

[2024-10-25 12:02:36] ,3,0.931,450.832,-10.229,52.011,489.455,8.489,

[2024-10-25 12:02:52] ,1,26.768,444.11,-74.612,-3.287,451.162,68.295,

[2024-10-25 12:03:08] ,1,-12.053,465.794,-22.184,57.284,498.353,26.796,

[2024-10-25 12:03:26] ,2,58.404,428.292,-27.493,-0.914,470.605,-178.466,

[2024-10-25 12:03:48] ,2,24.461,446.614,90,42.915,463.948,-91.534,

[2024-10-25 12:04:02] ,1,59.656,457.028,-42.825,34.084,461.048,28.61,

[2024-10-25 12:04:16] ,1,-0.782,466.848,69.624,23.34,469.617,64.12,

[2024-10-25 12:04:30] ,1,-12.909,434.026,86.392,52.34,461.51,-47.521,

[2024-10-25 12:04:45] ,1,18.595,442.33,46.45,-8.296,478.185,6.68,

[2024-10-25 12:04:59] ,2,35.468,469.814,-57.724,-7.703,474.23,-168.589,

[2024-10-25 12:05:13] ,1,38.5,449.251,78.789,-11.394,477.789,-18.925,

[2024-10-25 12:05:35] ,2,13.388,451.755,-39.936,31.843,452.151,173.884,

[2024-10-25 12:05:50] ,1,48.979,445.164,-12.308,7.193,456.764,-62.526,

[2024-10-25 12:06:06] ,1,59.525,470.144,-9.211,24.395,489.851,-24.74,

[2024-10-25 12:06:19] ,2,1.59,456.303,148.158,5.875,489.126,126.666,

[2024-10-25 12:06:33] ,1,13.454,454.26,5.609,44.893,495.585,-50.458,

[2024-10-25 12:06:47] ,1,36.588,439.167,25.419,31.447,476.471,-23.131,

[2024-10-25 12:07:01] ,3,11.279,425.062,65.521,28.679,441.803,-73.586,

[2024-10-25 12:07:15] ,2,59.788,440.617,153.204,29.009,468.76,48.958,

[2024-10-25 12:07:29] ,3,34.347,457.489,-8.07,20.704,493.871,86.186,

[2024-10-25 12:07:43] ,2,25.581,437.453,-126.973,7.918,445.098,130.657,

[2024-10-25 12:07:58] ,1,28.811,477.394,29.999,4.227,494.53,-50.782,

[2024-10-25 12:08:14] ,1,15.761,435.542,-26.565,3.897,453.601,-79.695,

[2024-10-25 12:08:27] ,2,30.129,471.726,-17.628,29.602,489.521,-75.964,

[2024-10-25 12:08:41] ,2,-6.582,436.267,-152.745,51.352,472.187,121.139,

[2024-10-25 12:08:59] ,1,35.665,432.246,44.275,25.581,483.062,-7.696,

[2024-10-25 12:09:18] ,2,35.336,426.578,175.323,45.881,439.562,-120.964,

[2024-10-25 12:09:41] ,1,49.045,426.314,68.776,15.036,483.392,-3.576,

[2024-10-25 12:09:55] ,1,48.254,442.132,15.03,9.763,468.562,60.446,

[2024-10-25 12:10:11] ,3,-12.909,447.669,-55.008,22.615,497.101,84.036,

[2024-10-25 12:10:26] ,3,38.434,425.457,-54.904,-2.628,483.655,-30.165,

[2024-10-25 12:10:40] ,3,7.325,429.412,-76.273,2.052,486.357,48.296,

[2024-10-25 12:10:56] ,3,-11.921,469.814,4.268,49.045,491.301,-86.158,

[2024-10-25 12:11:10] ,1,57.547,447.471,-44.635,54.186,473.967,10.713,

[2024-10-25 12:11:32] ,1,15.695,447.669,83.83,-4.934,484.644,15.662,

[2024-10-25 12:11:47] ,2,4.425,425.721,-43.176,43.904,430.532,-72.058,

[2024-10-25 12:12:00] ,3,47.002,449.91,36.027,11.081,456.039,69.692,

[2024-10-25 12:12:14] ,1,37.775,440.748,59.3,19.056,445.494,-29.999,

[2024-10-25 12:12:28] ,2,7.127,433.037,153.895,33.029,471.33,87.444,

[2024-10-25 12:12:46] ,3,29.272,429.807,27.897,-6.253,477.855,77.196,

[2024-10-25 12:13:07] ,3,42.718,434.355,-32.05,4.556,464.871,48.296,

[2024-10-25 12:13:21] ,1,55.504,442.132,0.512,9.697,447.207,-25.419,

[2024-10-25 12:13:35] ,3,-9.416,460.982,8.489,-5.659,485.567,-21.405,

[2024-10-25 12:13:51] ,2,2.645,452.612,-125.538,22.154,487.28,-175.365,

[2024-10-25 12:14:07] ,1,48.122,436.596,6.74,35.138,439.035,-7.189,

[2024-10-25 12:14:22] ,3,55.834,439.957,-26.946,35.665,459.994,-22.036,

[2024-10-25 12:14:43] ,1,-6.648,432.971,73.985,47.134,437.057,1.032,

[2024-10-25 12:14:57] ,1,48.979,431.389,5.148,-9.284,449.91,21.991,

[2024-10-25 12:15:13] ,3,55.768,428.819,53.13,1.525,430.269,9.462,

[2024-10-25 12:15:29] ,1,33.754,426.38,24.955,58.206,484.512,15.662,

[2024-10-25 12:15:50] ,1,33.029,443.319,62.526,41.268,482.205,-64.581,

[2024-10-25 12:16:05] ,1,35.6,475.417,84.44,56.163,484.182,30.7,

[2024-10-25 12:16:19] ,1,-11.394,438.046,52.306,-7.571,466.848,55.597,

[2024-10-25 12:16:33] ,1,39.554,429.61,-34.403,8.643,438.573,-14.534,

[2024-10-25 12:16:46] ,2,21.495,474.626,82.304,60.25,478.185,15.164,

[2024-10-25 12:17:01] ,1,-9.68,448.723,21.038,-11.064,476.669,-73.35,

[2024-10-25 12:17:23] ,1,41.465,441.276,-87.444,21.034,453.601,21.038,

[2024-10-25 12:17:37] ,2,57.481,450.173,156.194,17.475,465.992,54.345,

[2024-10-25 12:17:51] ,2,56.229,433.103,9.211,44.036,476.867,102.693,

[2024-10-25 12:18:05] ,1,46.277,464.344,-40.657,27.229,497.232,0,

[2024-10-25 12:18:18] ,1,27.427,430.203,-39.218,2.315,499.737,57.45,

[2024-10-25 12:18:34] ,2,8.313,454.062,24.955,21.363,487.742,-172.235,

[2024-10-25 12:18:48] ,3,38.038,425.194,17.761,29.734,493.937,-57.724,

[2024-10-25 12:19:02] ,3,15.234,436.86,-77.196,-10.932,443.78,16.004,

[2024-10-25 12:19:24] ,3,-4.605,436.398,80.189,23.406,441.869,29.219,

[2024-10-25 12:19:38] ,1,31.645,449.251,-1.534,32.7,469.221,-31.31,

[2024-10-25 12:19:56] ,1,27.427,473.835,-66.4,30.459,489.719,-86.906,

[2024-10-25 12:20:10] ,3,-2.034,430.071,-14.243,52.604,435.014,-11.889,

[2024-10-25 12:20:24] ,3,4.82,430.203,21.251,-0.914,453.403,-29.798,

[2024-10-25 12:20:55] ,1,40.081,427.567,-13.912,31.447,435.937,-8.276,

[2024-10-25 12:33:20] ,1,9.368,430.664,-78.589,29.8,439.562,7.696,

[2024-10-25 12:33:37] ,1,9.368,430.598,-78.085,29.8,439.562,7.696,

[2024-10-25 12:35:26] ,1,25.054,437.057,5.659,57.086,437.651,76.584,

[2024-10-25 12:35:39] ,1,24.395,455.644,59.56,7.852,468.43,84.391,

[2024-10-25 12:35:53] ,2,46.013,429.148,55.305,20.44,489.126,-159.624,

[2024-10-25 12:36:11] ,1,38.565,427.369,-63.435,1.195,498.616,-13.912,

[2024-10-25 12:36:33] ,2,-0.387,447.01,94.122,26.306,498.023,-65.726,

[2024-10-25 12:36:48] ,1,55.438,449.448,-51.9,42.388,497.166,74.97,

[2024-10-25 12:37:02] ,3,1.986,436.003,4.658,32.04,437.651,-74.113,

[2024-10-25 12:37:17] ,3,-5.594,437.321,70.891,1.986,488.796,54.315,

[2024-10-25 12:37:32] ,2,52.538,442.198,-19.895,3.304,492.948,-22.659,

[2024-10-25 12:37:45] ,3,36.193,425.523,-54.66,-10.009,454.523,22.587,

[2024-10-25 12:38:07] ,1,27.888,436.53,-24.487,50.034,439.628,10.305,

[2024-10-25 12:38:21] ,1,25.713,440.551,-32.981,32.831,471.001,74.612,

[2024-10-25 12:38:36] ,2,47.002,433.103,-128.1,57.086,446.285,97.696,

[2024-10-25 12:38:51] ,1,55.57,438.442,1.023,28.481,496.903,-16.157,

[2024-10-25 12:39:06] ,2,51.945,438.639,-6.68,24.659,445.56,46.824,

[2024-10-25 12:39:19] ,1,3.304,436.86,64.581,50.165,471.792,83.884,

[2024-10-25 12:39:33] ,1,17.277,430.73,78.085,59.788,463.817,70.758,

[2024-10-25 12:39:47] ,1,1.459,477.987,21.516,45.815,484.051,-85.914,

[2024-10-25 12:40:02] ,3,42.388,463.157,54.219,34.084,485.632,16.294,

[2024-10-25 12:40:16] ,1,44.102,483.062,73.985,56.493,497.232,8.276,

[2024-10-25 12:40:30] ,2,53.131,462.828,-90,55.24,480.755,-109.895,

[2024-10-25 12:40:44] ,3,-4.275,437.057,43.5,-9.021,460.521,81.573,

[2024-10-25 12:41:07] ,1,28.745,473.307,-87.466,42.125,488.994,-33.69,

[2024-10-25 12:41:21] ,1,-4.539,439.826,-55.597,31.843,470.737,-1.023,

[2024-10-25 12:41:39] ,3,-0.585,445.032,29.219,49.704,487.873,-61.152,

[2024-10-25 12:41:53] ,2,-1.837,473.571,61.837,14.904,482.996,-99.211,

[2024-10-25 12:42:09] ,2,-11.987,474.889,-19.411,29.668,497.826,-175.365,

[2024-10-25 12:42:31] ,1,-4.869,462.169,-48.958,15.365,471.198,-48.24,

[2024-10-25 12:42:44] ,2,28.481,429.478,-91.032,24.659,469.617,122.705,

[2024-10-25 12:43:01] ,1,2.909,427.501,63.204,-7.373,487.082,52.619,

[2024-10-25 12:43:14] ,1,30.59,475.417,-78.294,57.284,498.419,-75.466,

[2024-10-25 12:43:28] ,2,6.863,447.867,52.214,16.75,458.742,49.733,

[2024-10-25 12:43:41] ,2,52.736,437.98,-31.842,14.904,440.419,-60.001,

[2024-10-25 12:43:54] ,3,53.395,445.098,-65.908,2.975,489.982,-36.027,

[2024-10-25 12:44:08] ,3,22.088,490.444,-23.143,47.529,493.541,-42.614,

[2024-10-25 12:44:22] ,3,21.363,475.746,-1.697,36.984,495.914,82.349,

[2024-10-25 12:44:44] ,2,50.495,484.446,176.424,13.586,493.212,29.554,

[2024-10-25 12:44:58] ,3,19.122,436.069,11.061,15.695,487.082,83.613,

[2024-10-25 12:45:12] ,3,-6.253,432.246,-56.547,21.429,463.223,76.373,

[2024-10-25 12:45:26] ,3,0.075,468.43,52.535,24.329,481.085,-19.37,

[2024-10-25 12:45:52] ,2,25.318,442.989,-72.86,34.545,494.991,101.411,

[2024-10-25 12:46:10] ,2,36.654,449.053,107.14,2.975,478.185,-109.242,

[2024-10-25 12:46:24] ,1,38.631,469.946,66.869,-0.848,478.58,-32.276,

[2024-10-25 12:46:39] ,1,13.125,425.985,2.064,49.111,442.264,87.955,

[2024-10-25 12:47:03] ,2,40.938,435.08,105.03,38.895,482.864,144.758,

[2024-10-25 12:47:17] ,1,53.263,435.344,27.255,24.659,484.973,-73.35,

[2024-10-25 12:47:31] ,1,6.665,452.019,33.408,17.936,494.464,17.292,

[2024-10-25 12:47:45] ,3,0.931,436.926,-42.019,-11.459,497.035,-13.314,

[2024-10-25 12:47:59] ,1,38.368,426.051,-64.581,53.329,443.253,-59.3,

[2024-10-25 12:48:15] ,2,-5.528,440.155,20.556,12.531,476.273,-158.484,

[2024-10-25 12:48:37] ,2,1.459,440.023,-65.513,27.229,464.937,-174.898,

[2024-10-25 12:48:59] ,3,6.534,445.032,-1.685,-12.712,458.148,-10.724,

[2024-10-25 12:49:12] ,3,6.402,443.319,54.66,53.329,450.437,90,

[2024-10-25 12:49:28] ,3,7.193,428.819,-58.449,11.213,496.639,-34.749,

[2024-10-25 12:49:45] ,1,38.368,440.221,59.036,60.579,452.81,63.435,

[2024-10-25 12:49:59] ,3,52.604,439.76,-9.392,15.893,469.023,72.897,

[2024-10-25 12:50:15] ,2,53.922,449.382,62.289,-5,481.678,-67.816,

[2024-10-25 12:50:33] ,3,-9.548,458.544,78.111,19.584,493.476,-38.726,

[2024-10-25 12:50:55] ,3,-3.155,442.923,67.643,53.395,463.289,55.251,

[2024-10-25 12:51:09] ,1,52.077,440.946,56.31,57.35,481.612,-60.446,

[2024-10-25 12:51:23] ,3,5.611,430.071,-62.48,5.215,471.264,78.024,

[2024-10-25 12:51:38] ,2,43.443,426.71,-36.254,13.85,460.323,40.326,

[2024-10-25 12:51:53] ,3,30.393,430.796,78.024,12.993,450.437,-45,

[2024-10-25 12:52:08] ,1,19.122,440.946,-21.516,57.35,493.871,-39.872,

[2024-10-25 12:52:21] ,3,41.993,455.248,31.47,22.088,497.496,67.249,

[2024-10-25 12:52:39] ,1,46.672,427.764,68.776,42.586,484.512,24.955,

[2024-10-25 12:52:53] ,3,19.452,430.862,11.56,43.706,448.064,-69.146,

[2024-10-25 12:53:15] ,1,24.725,436.267,-82.372,52.209,444.835,-85.365,

[2024-10-25 12:53:31] ,1,8.643,436.267,59.3,37.445,447.405,-55.465,

[2024-10-25 12:53:47] ,1,6.336,426.051,-52.619,42.85,426.776,-46.45,

[2024-10-25 12:54:02] ,1,48.913,433.762,-2.579,36.522,454.523,-52.619,

[2024-10-25 12:54:18] ,1,16.75,452.48,-17.14,30.788,496.376,-53.334,

[2024-10-25 12:54:35] ,3,23.209,434.289,-16.004,12.861,492.421,-9.739,

[2024-10-25 12:54:59] ,2,-12.975,457.357,157.816,22.022,462.762,174.44,

[2024-10-25 12:55:13] ,1,22.747,482.403,-10.214,54.45,492.091,-48.281,

[2024-10-25 12:55:28] ,2,37.115,466.123,29.745,14.443,493.871,-81.215,

[2024-10-25 12:55:42] ,1,55.306,426.907,-18.925,42.915,495.321,53.334,

[2024-10-25 12:55:56] ,2,28.811,458.939,-170.789,3.238,467.046,-162.216,

[2024-10-25 12:56:10] ,1,16.288,477.526,68.854,-2.43,481.48,-33.69,

[2024-10-25 12:56:24] ,3,24,454.523,87.054,50.956,488.796,90,

[2024-10-25 12:56:46] ,2,18.002,463.026,-27.711,56.361,478.58,150.001,

[2024-10-25 12:57:01] ,1,55.702,433.696,39.936,-2.034,440.221,70.758,

[2024-10-25 12:57:15] ,2,59.722,474.164,-72.372,21.495,487.412,-172.304,

[2024-10-25 12:57:37] ,1,19.452,441.407,40.267,43.047,458.939,32.276,

[2024-10-25 12:57:52] ,2,33.754,454.589,-133.55,6.929,496.705,-113.334,

[2024-10-25 12:58:09] ,1,45.881,448.196,27.022,35.665,460.192,-83.884,

[2024-10-25 12:58:27] ,2,4.227,425.392,-137.553,-9.021,449.251,36.254,

[2024-10-25 12:58:41] ,3,9.895,470.012,36.617,39.356,479.173,-77.196,

[2024-10-25 12:58:55] ,2,27.031,441.276,-54.462,17.672,475.482,100.214,

[2024-10-25 12:59:09] ,1,-3.221,454.787,66.666,61.568,483.523,48.281,

[2024-10-25 12:59:23] ,2,54.515,456.435,166.584,31.25,498.814,43.905,

[2024-10-25 12:59:46] ,2,22.286,433.828,121.405,-7.307,458.214,-74.476,

[2024-10-25 13:00:00] ,1,59.788,435.805,37.694,2.315,472.582,18.759,

[2024-10-25 13:00:21] ,1,37.577,465.003,18.113,53.725,482.073,71.241,

[2024-10-25 13:00:36] ,2,56.427,430.796,106.65,19.518,453.271,-52.214,

[2024-10-25 13:00:50] ,3,10.159,452.085,-59.47,-10.207,456.369,-66.468,

[2024-10-25 13:01:04] ,2,55.109,437.651,-86.906,38.5,463.157,-25.88,

[2024-10-25 13:01:19] ,2,20.44,457.885,-57.295,-5.594,461.444,-175.878,

[2024-10-25 13:01:33] ,3,44.695,438.837,13.727,47.925,483.589,-8.07,

[2024-10-25 13:01:46] ,1,54.318,445.626,37.786,46.211,478.58,-45.36,

[2024-10-25 13:02:00] ,3,55.702,444.835,-51.34,-5.528,491.103,-56.427,

[2024-10-25 13:02:22] ,3,36.918,444.307,-67.805,-2.364,463.355,-83.613,

[2024-10-25 13:02:36] ,1,53.725,434.092,77.471,-6.253,471.132,-74.476,

[2024-10-25 13:02:51] ,3,24,434.685,12.482,1.525,471.594,75.45,

[2024-10-25 13:03:05] ,1,9.104,430.862,-78.085,14.113,480.887,-3.576,

[2024-10-25 13:03:19] ,2,49.638,436.53,-180,61.963,458.346,-7.765,

[2024-10-25 13:03:37] ,3,-6.846,458.939,-29.798,1.59,486.555,46.5,

[2024-10-25 13:03:54] ,3,51.945,428.357,8.973,51.681,486.489,72.368,

[2024-10-25 13:04:16] ,3,27.756,445.494,-25.809,56.295,450.173,-64.957,

[2024-10-25 13:04:32] ,1,35.731,472.582,-72.372,7.654,486.292,-4.594,

[2024-10-25 13:04:48] ,1,46.87,446.548,45.36,24.461,486.621,29.999,

[2024-10-25 13:05:05] ,1,-5.132,428.028,-72.058,19.386,488.994,43.55,

[2024-10-25 13:05:27] ,1,49.111,436.398,7.189,32.502,448.987,68.009,

[2024-10-25 13:05:41] ,3,16.288,429.148,-15.068,-11.525,440.748,-36.87,

[2024-10-25 13:05:57] ,1,-4.539,476.537,-2.045,34.94,493.08,-5.659,

[2024-10-25 13:06:12] ,2,34.743,442.198,-150.001,58.075,486.292,-135,

[2024-10-25 13:06:26] ,1,29.931,425.589,-21.705,8.379,471.792,-21.991,

[2024-10-25 13:06:47] ,1,51.681,425.062,23.6,-9.944,445.757,-73.985,

[2024-10-25 13:07:01] ,1,-0.848,445.626,51.9,24.263,469.814,-29.302,

[2024-10-25 13:07:15] ,1,3.765,438.178,-55.176,-1.244,472.846,4.086,

[2024-10-25 13:07:29] ,1,25.713,432.378,29.809,46.606,455.314,-77.692,

[2024-10-25 13:07:45] ,1,35.929,451.821,-30.877,-2.496,454.457,50.782,

[2024-10-25 13:08:00] ,1,-1.837,430.532,53.44,28.745,499.144,62.745,

[2024-10-25 13:08:16] ,2,-6.253,446.021,-143.44,26.636,471.396,-20.2,

[2024-10-25 13:08:31] ,3,24.065,445.164,20.056,27.229,497.891,-80.538,

[2024-10-25 13:08:47] ,1,10.093,457.621,23.131,10.356,474.955,-52.927,

[2024-10-25 13:09:01] ,2,40.477,452.546,157.537,57.745,497.826,-51.582,

[2024-10-25 13:09:26] ,1,41.597,440.023,-24.274,3.172,474.164,-73.35,

[2024-10-25 13:09:41] ,1,50.561,425.326,26.796,8.906,426.71,-41.379,

[2024-10-25 13:09:59] ,1,0.865,428.226,-46.095,-9.087,462.762,-53.027,

[2024-10-25 13:10:21] ,1,59.195,487.939,-5.659,40.015,497.628,-65.726,

[2024-10-25 13:10:35] ,1,13.454,460.982,-63.662,-2.43,464.937,18.759,

[2024-10-25 13:10:49] ,1,8.115,446.812,65.26,-12.382,468.232,-63.204,

[2024-10-25 13:11:06] ,1,29.668,484.248,-52.214,-9.812,487.676,74.97,

[2024-10-25 13:11:24] ,1,-1.705,444.505,-39.542,61.765,445.955,-12.308,

[2024-10-25 13:11:46] ,1,40.675,443.714,4.086,3.765,448.592,-26.565,

[2024-10-25 13:11:59] ,2,21.363,434.092,140.458,-1.244,457.094,130.992,

[2024-10-25 13:12:17] ,1,41.202,428.687,-48.621,34.94,456.764,-2.556,

[2024-10-25 13:12:31] ,1,-9.68,462.762,4.122,-3.682,496.046,-71.075,

[2024-10-25 13:12:53] ,3,55.043,478.58,-84.92,39.093,488.335,80.608,

[2024-10-25 13:13:08] ,2,56.097,425.589,113.806,52.077,454.062,171.293,

[2024-10-25 13:13:22] ,2,-10.273,430.401,-88.968,48.979,433.894,-53.334,

[2024-10-25 13:13:38] ,2,15.365,429.346,-169.695,32.502,452.942,24.274,

[2024-10-25 13:13:52] ,3,18.134,444.11,-42.614,-12.646,476.669,-84.459,

[2024-10-25 13:14:06] ,3,-10.273,450.767,2.968,44.629,451.426,-46.484,

[2024-10-25 13:14:20] ,2,23.868,457.357,68.671,31.052,487.939,135.365,

[2024-10-25 13:14:34] ,1,24.988,468.826,69.8,24.461,486.423,50.064,

[2024-10-25 13:14:48] ,2,7.522,427.567,105.164,30.92,442.001,-111.991,

[2024-10-25 13:15:02] ,3,32.37,435.739,-88.303,-10.273,488.532,-83.613,

[2024-10-25 13:15:16] ,1,46.738,440.814,-45.725,32.7,466.585,-75.101,

[2024-10-25 13:15:32] ,2,38.961,437.321,-130.992,24.659,439.496,20.556,

[2024-10-25 13:15:48] ,1,37.577,472.78,6.68,58.931,485.896,30.7,

[2024-10-25 13:16:03] ,1,20.375,446.021,10.214,54.515,478.448,-55.597,

[2024-10-25 13:16:16] ,2,18.397,436.464,-63.435,-6.846,448.526,-124.695,

[2024-10-25 13:16:30] ,3,48.32,427.237,-83.191,0.602,487.676,84.079,

[2024-10-25 13:16:53] ,2,9.434,455.182,150.255,52.275,460.982,68.009,

[2024-10-25 13:17:07] ,2,48.584,431.521,157.816,16.222,454.985,120.44,

[2024-10-25 13:17:29] ,3,6.27,438.442,-27.324,44.761,474.626,-15.658,

[2024-10-25 13:17:42] ,2,28.02,470.144,98.631,25.647,482.271,-30.877,

[2024-10-25 13:17:56] ,1,39.225,449.844,34.535,37.313,478.778,8.631,

[2024-10-25 13:18:10] ,1,39.225,451.096,-25.201,-10.207,473.637,72.216,

[2024-10-25 13:18:26] ,2,40.015,429.412,-124.403,46.409,462.894,30.44,

[2024-10-25 13:18:48] ,3,10.62,434.751,-48.576,45.947,443.846,-40.786,

[2024-10-25 13:19:01] ,2,21.429,451.689,-32.276,-9.68,460.917,142.619,

[2024-10-25 13:19:15] ,2,22.484,432.51,-153.435,61.502,433.367,-138.281,

[2024-10-25 13:19:30] ,2,-7.241,451.887,-45.365,41.334,497.562,0,

[2024-10-25 13:19:43] ,2,40.081,436.53,-72.86,38.368,479.569,88.968,

[2024-10-25 13:19:57] ,2,29.997,433.169,170.707,56.625,498.814,106.798,

[2024-10-25 13:20:11] ,3,-6.45,448.064,5.921,-11.855,487.807,-54.067,

[2024-10-25 13:20:33] ,1,46.475,441.342,-88.977,3.765,451.492,-86.934,

[2024-10-25 13:20:49] ,1,18.529,428.094,-66.194,33.688,453.403,85.406,

[2024-10-25 13:21:04] ,3,-4.671,477.262,80.608,21.825,477.723,70.233,

[2024-10-25 13:21:27] ,1,12.334,465.992,-68.009,60.843,479.173,23.334,

[2024-10-25 13:21:42] ,3,23.275,456.039,-29.588,12.993,475.482,1.685,

[2024-10-25 13:21:59] ,1,9.565,455.314,-50.064,52.736,478.91,2.556,

[2024-10-25 13:22:15] ,3,6.468,483.589,-12.301,54.581,494.596,-58.085,

[2024-10-25 13:22:29] ,1,23.472,434.619,-73.35,33.49,495.189,22.659,

[2024-10-25 13:22:51] ,1,34.677,430.532,-23.806,1.525,452.876,54.758,

[2024-10-25 13:23:06] ,1,11.081,474.823,79.786,25.779,477.46,0,

[2024-10-25 13:23:23] ,2,-7.769,447.207,-15.164,50.495,467.376,-19.411,

[2024-10-25 13:23:54] ,1,17.079,425.326,12.417,47.595,435.476,-52.214,

[2024-10-25 13:24:08] ,1,12.861,447.669,-64.799,26.57,468.628,-13.299,

[2024-10-25 13:24:22] ,1,26.9,438.376,-52.214,51.418,444.703,-45,

[2024-10-25 13:24:37] ,1,24.725,435.014,61.144,-4.934,440.88,59.3,

[2024-10-25 13:24:51] ,1,-8.691,495.387,-63.204,34.347,495.519,45.725,

[2024-10-25 13:25:07] ,1,0.668,428.423,58.595,37.247,490.378,-12.308,

[2024-10-25 13:25:21] ,1,44.168,450.371,59.56,21.693,456.303,25.419,

[2024-10-25 13:25:35] ,1,18.265,474.889,-70.758,-7.834,481.414,-53.746,

[2024-10-25 13:25:57] ,3,60.711,454.392,-84.883,11.872,465.267,-46.79,

[2024-10-25 13:26:13] ,1,3.634,449.251,68.009,20.309,463.948,-2.534,

[2024-10-25 13:26:29] ,1,-1.375,495.057,-72.708,19.32,495.782,-36.254,

[2024-10-25 13:27:08] ,1,13.388,453.535,3.039,25.779,486.687,-78.69,

[2024-10-25 13:30:08] ,2,37.775,432.905,143.746,40.411,485.105,47.175,

[2024-10-25 13:30:13] ,2,26.306,435.212,-157.816,55.504,495.519,35.838,

[2024-10-25 13:30:26] ,2,-6.253,459.796,-104.534,47.859,478.646,-36.666,

[2024-10-25 13:30:42] ,2,61.04,430.664,-163.698,45.156,436.992,132.825,

[2024-10-25 13:31:05] ,2,44.695,448.064,-119.999,2.843,455.644,29.105,

[2024-10-25 13:31:19] ,1,42.322,426.117,-12.918,-7.769,436.003,69.624,

[2024-10-25 13:31:33] ,1,-9.219,429.807,-78.085,28.943,434.421,-11.411,

[2024-10-25 13:31:47] ,1,36.786,471.067,-18.113,-7.966,479.437,7.253,

[2024-10-25 13:32:09] ,2,30.393,448.13,-67.537,-6.384,452.744,62.978,

[2024-10-25 13:32:23] ,2,47.595,451.821,-54.462,-10.009,456.764,95.148,

[2024-10-25 13:32:37] ,1,31.315,456.764,-90,9.434,461.18,-33.69,

[2024-10-25 13:32:51] ,1,47.068,426.578,27.493,44.102,465.596,-18.759,

[2024-10-25 13:33:07] ,2,6.072,435.937,117.711,13.454,496.837,-74.338,

[2024-10-25 13:33:22] ,1,-10.998,438.837,0,29.14,493.278,-40.992,

[2024-10-25 13:33:37] ,3,35.468,430.005,73.055,-0.123,468.76,-0.849,

[2024-10-25 13:33:51] ,2,49.572,441.342,42.447,25.713,472.78,-109.075,

[2024-10-25 13:34:13] ,2,48.913,430.071,-9.888,59.129,458.807,51.9,

[2024-10-25 13:34:27] ,1,20.77,464.739,-18.595,45.815,489.653,77.196,

[2024-10-25 13:34:41] ,1,36.325,483.589,37.381,12.07,491.564,-44.275,

[2024-10-25 13:34:55] ,3,29.668,445.296,-75.15,-12.514,469.748,8.13,

[2024-10-25 13:35:09] ,3,-8.625,431.455,55.359,35.138,435.673,71.834,

[2024-10-25 13:35:23] ,1,15.365,484.578,21.038,-10.009,490.444,-76.088,

[2024-10-25 13:35:37] ,1,41.663,492.421,70.589,20.177,494.464,83.83,

[2024-10-25 13:35:52] ,3,2.975,455.248,-34.509,8.709,474.428,-82.77,

[2024-10-25 13:36:06] ,1,31.052,454.721,69.8,55.965,483.523,-78.69,

[2024-10-25 13:36:24] ,2,31.711,461.576,123.83,52.275,476.603,162.372,

[2024-10-25 13:36:38] ,3,-3.88,456.567,42.302,33.952,468.232,48.576,

[2024-10-25 13:36:55] ,1,54.318,432.642,-84.852,36.193,479.173,86.934,

[2024-10-25 13:37:11] ,3,-1.771,440.814,5.117,21.363,447.339,47.981,

[2024-10-25 13:37:27] ,3,42.85,437.519,-56.192,58.668,482.732,-82.77,

[2024-10-25 13:37:49] ,1,14.772,450.767,-52.214,1.92,465.596,79.695,

[2024-10-25 13:38:03] ,3,47.002,480.953,-34.509,-4.671,481.282,-12.804,

[2024-10-25 13:38:20] ,3,40.675,433.828,71.834,-5.791,490.312,-17.632,

[2024-10-25 13:38:42] ,1,13.454,435.014,-82.811,9.829,454.194,82.372,

[2024-10-25 13:39:07] ,1,39.818,452.019,25.659,0.865,490.773,81.724,

[2024-10-25 13:39:21] ,3,61.765,439.035,-53.216,-10.075,459.862,-15.887,

[2024-10-25 13:39:42] ,3,34.084,438.573,-16.294,39.62,473.176,2.946,

[2024-10-25 13:40:00] ,3,10.554,446.614,0.849,3.7,479.964,-4.236,

[2024-10-25 13:40:19] ,2,3.765,436.201,-111.038,27.954,440.155,-80.789,

[2024-10-25 13:40:32] ,1,-4.407,436.464,-63.435,36.127,456.435,-88.479,

[2024-10-25 13:40:48] ,2,56.493,444.967,-95.711,17.145,498.682,48.281,

[2024-10-25 13:41:11] ,2,11.081,430.664,-140.458,-3.023,496.046,141.259,

[2024-10-25 13:41:28] ,1,17.54,425.392,-58.595,13.388,492.223,-60.255,

[2024-10-25 13:41:49] ,1,46.277,427.501,-78.589,32.568,498.616,-23.6,

[2024-10-25 13:42:32] ,2,38.5,438.573,-69.146,54.186,464.344,-143.637,

[2024-10-25 13:42:56] ,2,5.479,489.323,-180,15.497,499.539,24.487,

[2024-10-25 13:43:37] ,2,22.418,465.135,-61.837,15.168,480.557,-102.918,

[2024-10-25 13:44:24] ,2,10.356,454.128,178.977,9.434,480.887,-42.825,

[2024-10-25 13:45:33] ,1,16.09,441.473,76.584,21.956,453.732,22.932,

[2024-10-25 13:45:47] ,1,60.184,440.155,-78.69,50.034,461.51,-90,

[2024-10-25 13:46:09] ,1,40.213,428.753,-17.14,2.843,453.732,68.962,

[2024-10-25 13:46:24] ,2,29.997,447.603,-91.534,26.372,476.998,31.842,

[2024-10-25 13:46:40] ,3,49.44,450.701,84.459,38.038,486.687,-3.417,

[2024-10-25 13:46:57] ,1,11.081,438.969,-78.589,7.786,497.957,-5.659,

[2024-10-25 13:47:19] ,1,41.334,444.373,23.334,-4.275,459.796,63.435,

[2024-10-25 13:47:34] ,1,54.581,461.51,-76.817,58.338,477.262,32.276,

[2024-10-25 13:47:48] ,1,9.236,445.889,-69.624,30.195,456.039,2.534,

[2024-10-25 13:48:04] ,1,10.027,460.521,31.842,29.997,464.212,58.426,

[2024-10-25 13:48:21] ,1,56.493,458.742,-63.435,-2.364,497.101,68.776,

[2024-10-25 13:48:45] ,1,60.118,454.721,-81.293,58.536,477.394,-52.214,

[2024-10-25 13:49:07] ,3,32.37,431.917,-11.56,9.434,454.655,-18.97,

[2024-10-25 13:49:23] ,1,39.62,436.992,-39.936,19.781,444.307,-35.538,

[2024-10-25 13:49:36] ,1,38.697,433.037,-79.695,-1.507,449.58,-86.424,

[2024-10-25 13:49:50] ,1,6.929,434.421,85.406,27.756,478.514,6.116,

[2024-10-25 13:50:04] ,3,28.35,439.694,-65.908,12.202,493.937,-63.435,

[2024-10-25 13:50:18] ,3,-5.791,465.926,75.041,30.195,494.53,-16.004,

[2024-10-25 13:50:32] ,1,42.322,453.007,-37.786,41.729,487.676,-12.417,

[2024-10-25 13:50:46] ,1,41.663,438.639,85.365,37.775,487.346,-47.175,

[2024-10-25 13:51:04] ,3,-4.869,471.462,-45,-12.25,496.507,-87.032,

[2024-10-25 13:51:26] ,3,-10.998,455.578,6.809,1.063,473.439,26.754,

[2024-10-25 13:51:43] ,1,30.788,430.796,70.278,-2.364,455.973,-64.581,

[2024-10-25 13:51:57] ,1,15.365,476.735,-8.202,42.52,480.623,-60.255,

[2024-10-25 13:52:13] ,3,24.263,468.364,-55.491,-5.462,495.914,10.305,

[2024-10-25 13:52:27] ,2,43.97,436.135,83.26,44.563,462.564,175.406,

[2024-10-25 13:52:49] ,1,12.663,441.605,24.74,61.568,449.712,62.745,

[2024-10-25 13:53:06] ,2,28.811,445.757,-160.105,49.968,455.842,-90,

[2024-10-25 13:53:21] ,3,-2.298,464.41,-16.294,4.952,486.357,47.099,

[2024-10-25 13:53:43] ,3,32.7,492.223,-27.52,3.963,499.276,-40.186,

[2024-10-25 13:53:58] ,1,33.293,461.114,-29.745,12.334,472.912,-73.009,

[2024-10-25 13:54:12] ,1,2.645,440.419,82.811,60.711,453.601,78.69,

[2024-10-25 13:54:34] ,2,25.515,459.005,-154.799,60.184,467.573,-137.175,

[2024-10-25 13:54:49] ,1,56.69,433.498,30.964,29.734,438.376,29.105,

[2024-10-25 13:55:02] ,1,20.506,426.182,-15.524,26.306,462.367,-34.535,

[2024-10-25 13:55:20] ,2,27.69,431.455,90,13.322,432.114,58.595,

[2024-10-25 13:55:34] ,3,-6.516,455.907,63.625,-8.691,498.023,-63.054,

[2024-10-25 13:55:50] ,2,45.42,425.457,-57.885,30.129,479.767,-53.334,

[2024-10-25 13:56:11] ,1,4.227,441.144,70.589,-0.453,458.148,42.479,

[2024-10-25 13:56:27] ,2,47.2,468.364,-33.83,54.45,490.312,-63.667,

[2024-10-25 13:56:40] ,2,27.69,480.887,-65.934,10.884,493.476,-26.796,

[2024-10-25 13:56:55] ,1,20.111,433.169,53.746,-0.453,488.862,-76.967,

[2024-10-25 13:57:13] ,3,18.2,469.551,-18.834,37.709,486.621,17.632,

[2024-10-25 13:57:27] ,1,-11.459,427.105,-74.338,-7.571,465.794,-51.9,

[2024-10-25 13:57:49] ,2,36.456,464.805,-138.621,30.59,491.235,85.365,

[2024-10-25 13:58:07] ,3,49.44,435.41,-5.08,41.861,490.114,-87.474,

[2024-10-25 13:58:23] ,2,10.225,458.082,159.928,-1.573,470.342,-112.184,

[2024-10-25 13:58:46] ,1,26.306,470.671,18.595,-3.946,475.878,-77.583,

[2024-10-25 13:59:00] ,1,27.493,451.887,-83.884,55.834,476.537,38.501,

[2024-10-25 13:59:14] ,1,30.722,427.896,71.075,32.04,480.03,8.707,

[2024-10-25 13:59:29] ,1,53.593,437.717,-11.411,-10.339,491.762,14.664,

[2024-10-25 13:59:42] ,2,52.736,447.339,-83.32,22.418,463.026,71.887,

[2024-10-25 13:59:56] ,3,10.818,463.487,33.923,3.172,485.171,-4.658,

[2024-10-25 14:00:13] ,3,15.629,426.117,-7.23,-11.394,436.398,-36.185,

[2024-10-25 14:00:27] ,1,52.472,439.562,-3.608,-9.021,450.107,71.727,

[2024-10-25 14:00:43] ,2,27.888,445.494,-39.611,48.452,445.955,174.898,

[2024-10-25 14:00:59] ,2,54.581,446.153,84.341,38.763,482.403,-45,

[2024-10-25 14:01:21] ,1,1.063,429.478,48.281,17.409,487.017,-58.158,

[2024-10-25 14:01:35] ,1,23.604,443.78,-39.218,60.447,453.007,-80.2,

[2024-10-25 14:01:52] ,1,27.559,436.332,21.516,29.009,467.244,-29.055,

[2024-10-25 14:02:09] ,2,35.138,426.907,61.595,9.697,465.464,-176.934,

[2024-10-25 14:02:25] ,2,18.529,487.148,-5.148,43.904,491.564,-64.581,

[2024-10-25 14:02:40] ,2,16.025,432.18,166.584,40.081,457.555,19.242,

[2024-10-25 14:03:04] ,2,-0.387,447.076,-40.657,27.427,490.839,-101.915,

[2024-10-25 14:03:19] ,1,17.936,427.896,-15.03,-9.548,461.51,-15.524,

[2024-10-25 14:03:33] ,1,17.672,490.576,88.452,-11.525,493.476,-59.3,

[2024-10-25 14:03:51] ,1,35.336,435.08,65.045,51.286,444.901,-36.666,

[2024-10-25 14:04:07] ,2,56.031,469.353,162.86,10.62,488.137,-65.726,

[2024-10-25 14:04:30] ,1,42.652,450.173,18.759,19.847,492.157,55.597,

[2024-10-25 14:04:43] ,2,56.559,467.903,-77.082,61.502,490.773,14.534,

[2024-10-25 14:04:59] ,3,-1.771,435.41,78.857,27.097,451.755,17.103,

[2024-10-25 14:05:21] ,2,16.222,449.976,145.886,46.87,455.644,-174.852,

[2024-10-25 14:05:36] ,3,29.602,445.692,29.954,3.765,457.951,58.449,

[2024-10-25 14:05:50] ,3,-6.912,445.757,-2.946,39.686,474.692,-5.921,

[2024-10-25 14:06:03] ,1,53.131,473.835,82.304,7.918,499.803,-1.548,

[2024-10-25 14:06:18] ,3,-7.834,426.776,-66.297,21.561,431.455,51.605,

[2024-10-25 14:06:40] ,1,59.195,460.455,1.534,29.8,488.071,76.088,

[2024-10-25 14:06:56] ,2,24.79,441.869,88.968,37.643,467.112,-28.61,

[2024-10-25 14:07:10] ,3,14.443,438.573,-77.196,49.902,462.498,41.106,

[2024-10-25 14:07:25] ,1,-3.616,425.457,72.708,25.12,428.621,51.9,

[2024-10-25 14:07:39] ,3,16.222,445.889,-6.34,58.997,466.057,-70.891,

[2024-10-25 14:07:53] ,3,-6.912,425.062,63.625,56.427,439.892,68.749,

[2024-10-25 14:08:15] ,3,6.797,438.639,-62.87,53.131,466.651,4.236,

[2024-10-25 14:08:29] ,2,24.922,461.773,-132.479,-7.044,468.43,-4.122,

[2024-10-25 14:08:43] ,1,61.106,466.123,2.045,53.197,496.441,-23.334,

[2024-10-25 14:08:57] ,1,55.306,439.364,44.275,58.47,481.546,5.102,

[2024-10-25 14:09:11] ,3,31.184,426.578,71.834,14.64,463.553,-63.246,

[2024-10-25 14:09:25] ,3,-9.614,452.348,72.368,17.277,462.762,-87.879,

[2024-10-25 14:09:44] ,2,28.547,426.644,-116.105,31.579,474.955,-175.914,

[2024-10-25 14:09:59] ,1,43.904,432.378,-74.338,-0.123,436.794,70.589,

[2024-10-25 14:10:13] ,1,17.343,468.035,14.407,52.011,485.369,-44.275,

[2024-10-25 14:10:30] ,2,60.579,462.564,-72.216,24.065,469.617,-60.698,

[2024-10-25 14:10:51] ,1,11.279,436.86,42.825,-5,462.367,77.082,

[2024-10-25 14:11:04] ,2,28.745,467.507,122.705,28.613,487.939,19.411,

[2024-10-25 14:11:18] ,1,4.556,434.026,-2.064,53.988,434.223,-61.144,

[2024-10-25 14:11:31] ,1,27.625,433.367,-57.885,22.945,465.069,41.76,

[2024-10-25 14:11:45] ,2,-7.373,443.78,143.027,27.625,478.712,110.2,

[2024-10-25 14:12:00] ,2,22.154,449.58,-37.786,38.961,463.619,52.306,

[2024-10-25 14:12:21] ,2,30.854,441.671,-132.101,39.752,465.992,-72.525,

[2024-10-25 14:12:34] ,2,3.897,487.676,-11.411,28.152,489.521,152.289,

[2024-10-25 14:12:48] ,1,18.727,458.148,-39.218,35.995,496.969,23.806,

[2024-10-25 14:14:57] ,1,-4.869,428.885,-3.608,14.047,440.682,28.856,

[2024-10-25 14:14:59] ,1,22.747,427.962,-69.444,2.052,491.63,20.854,

[2024-10-25 14:15:13] ,1,2.25,434.026,78.085,55.109,473.901,-47.521,

[2024-10-25 14:15:28] ,1,53.263,457.423,-47.521,-3.155,491.762,-28.163,

[2024-10-25 14:15:42] ,1,56.031,465.398,-84.341,19.584,468.694,78.19,

[2024-10-25 14:15:57] ,1,25.054,445.164,77.583,34.875,477.328,27.474,

[2024-10-25 14:16:11] ,2,33.754,444.769,153.895,11.609,453.271,149.56,

[2024-10-25 14:16:25] ,1,41.927,425.523,60.895,55.372,496.046,-7.765,

[2024-10-25 14:16:40] ,2,8.775,453.139,22.184,45.025,472.187,169.695,

[2024-10-25 14:16:54] ,2,58.8,467.771,-39.218,58.931,490.114,-164.97,

[2024-10-25 14:17:10] ,2,56.69,435.542,-58.595,49.638,472.253,-172.811,

[2024-10-25 14:17:42] ,1,44.959,449.514,12.804,30.788,457.555,-22.932,

[2024-10-25 14:21:44] ,2,-9.614,442.396,52.619,12.729,449.91,160.278,

[2024-10-25 14:21:58] ,1,-2.891,444.176,46.45,10.95,459.401,-80.789,

[2024-10-25 14:22:12] ,1,-9.153,449.251,-27.951,21.165,456.962,59.816,

[2024-10-25 14:22:27] ,2,27.295,482.007,59.56,52.67,489.521,0,

[2024-10-25 14:22:41] ,2,14.706,453.469,-64.799,12.597,472.978,-27.474,

[2024-10-25 14:22:54] ,2,0.009,473.307,92.579,10.159,499.473,90,

[2024-10-25 14:23:08] ,1,-5.462,436.53,-25.419,4.359,454.655,-18.273,

[2024-10-25 14:23:21] ,1,-7.769,434.157,-54.462,6.336,451.887,41.76,

[2024-10-25 14:23:36] ,1,20.902,439.035,75.964,20.44,451.623,75.593,

[2024-10-25 14:23:50] ,3,35.336,444.505,-26.375,23.736,485.435,13.314,

[2024-10-25 14:24:04] ,1,21.759,429.807,78.085,9.631,498.946,-56.31,

[2024-10-25 14:24:18] ,2,5.15,433.63,-167.082,31.184,441.671,-147.724,

[2024-10-25 14:24:33] ,2,40.806,435.212,129.542,22.813,476.207,64.12,

[2024-10-25 14:24:47] ,2,59.59,452.81,-42.447,-7.241,489.916,59.036,

[2024-10-25 14:25:08] ,1,-0.321,446.153,-51.9,21.825,490.839,-78.19,

[2024-10-25 14:25:25] ,2,5.018,476.405,-115.419,39.027,483.062,-173.32,

[2024-10-25 14:25:40] ,3,23.868,448.526,-45.597,26.965,467.903,-23.92,

[2024-10-25 14:25:53] ,3,-4.341,478.053,-37.801,41.795,484.512,9.811,

[2024-10-25 14:26:07] ,1,60.975,461.642,39.936,21.231,488.335,-29.554,

[2024-10-25 14:26:21] ,2,30.063,436.926,92.579,36.654,450.767,98.707,

[2024-10-25 14:26:35] ,3,-0.716,436.069,14.657,31.315,475.021,-85.764,

[2024-10-25 14:26:57] ,3,2.975,471.989,-78.111,-0.057,494.53,54.904,

[2024-10-25 14:27:15] ,1,30.656,445.494,-57.019,-12.119,481.348,73.843,

[2024-10-25 14:27:29] ,3,-7.044,446.746,28.474,6.006,496.441,44.397,

[2024-10-25 14:27:54] ,1,20.111,452.876,-82.372,45.75,478.185,-55.886,

[2024-10-25 14:28:10] ,3,11.74,473.044,-75.861,-12.053,482.732,13.627,

[2024-10-25 14:28:34] ,2,35.929,470.605,160.278,-10.207,488.203,-132.447,

[2024-10-25 14:28:57] ,1,4.886,440.946,40.326,52.67,442.923,79.695,

[2024-10-25 14:29:11] ,1,-0.321,446.878,-14.534,47.463,455.051,1.534,

[2024-10-25 14:29:24] ,2,-8.691,429.61,-166.967,55.306,451.03,-17.628,

[2024-10-25 14:29:38] ,1,10.356,428.028,-30.256,37.906,460.719,-33.408,

[2024-10-25 14:29:52] ,2,24.79,428.16,-114.487,3.172,463.948,-163.843,

[2024-10-25 14:30:06] ,2,-4.341,479.437,97.189,6.138,493.476,-37.381,

[2024-10-25 14:30:20] ,3,-8.428,428.621,73.996,39.422,443.187,-80.261,

[2024-10-25 14:30:36] ,2,24.461,429.939,-148.595,12.465,458.28,105.03,

[2024-10-25 14:30:52] ,1,-12.448,425.919,7.253,41.993,457.094,-41.042,

[2024-10-25 14:31:13] ,1,34.94,436.53,12.918,39.422,465.267,9.713,

[2024-10-25 14:31:27] ,2,24.725,457.687,-106.504,5.347,477.592,-73.496,

[2024-10-25 14:31:40] ,2,30.129,478.91,18.759,52.209,481.085,-132.101,

[2024-10-25 14:31:54] ,3,21.363,431.719,-84.459,49.77,469.089,-8.07,

[2024-10-25 14:32:16] ,1,43.047,443.78,78.19,21.034,453.732,-88.977,

[2024-10-25 14:32:32] ,1,-8.757,445.757,-69.444,35.863,474.428,-4.594,

[2024-10-25 14:32:48] ,3,-5.659,459.73,-18.705,48.518,491.432,-28.272,

[2024-10-25 14:33:03] ,1,-4.605,476.998,53.027,12.4,496.969,83.83,

[2024-10-25 14:33:37] ,2,32.634,456.039,85.406,-3.221,499.276,138.281,

[2024-10-25 14:34:07] ,3,18.529,427.039,77.101,28.481,446.285,53.383,

[2024-10-25 14:34:20] ,2,59.722,448.13,2.579,19.32,489.719,-180,

[2024-10-25 14:35:04] ,3,26.768,469.88,-40.83,-8.428,482.535,-9.811,

[2024-10-25 14:35:19] ,1,46.145,433.894,-62.745,30.393,444.505,-67.068,

[2024-10-25 14:35:33] ,1,18.793,451.755,-14.281,3.106,465.201,-90,

[2024-10-25 14:35:56] ,1,47.397,430.862,-16.65,42.52,448.064,-50.064,

[2024-10-25 14:36:10] ,2,60.909,430.796,165.964,14.772,490.773,36.666,

[2024-10-25 14:36:24] ,1,30.722,457.621,59.56,39.488,474.56,88.977,

[2024-10-25 14:36:39] ,2,52.34,442.66,88.968,37.709,465.596,116.338,

[2024-10-25 14:36:54] ,1,14.97,471.132,19.722,16.618,498.023,38.1,

[2024-10-25 14:37:08] ,1,-12.448,465.398,7.189,13.059,483.128,-19.242,

[2024-10-25 14:37:22] ,2,52.143,432.312,-165.336,-5.198,442.132,-100.305,

[2024-10-25 14:37:44] ,1,57.218,435.344,69.624,10.422,484.38,-13.912,

[2024-10-25 14:37:59] ,1,34.743,488.137,-75.466,10.093,499.869,-10.305,

[2024-10-25 14:38:21] ,1,37.972,426.182,28.405,10.818,429.214,-10.808,

[2024-10-25 14:38:35] ,2,40.345,433.367,-107.14,3.04,448.328,-90,

[2024-10-25 14:38:50] ,1,50.363,472.978,0.512,-12.382,499.276,-53.027,

[2024-10-25 14:39:06] ,2,12.597,439.298,111.516,-12.712,484.842,83.774,

[2024-10-25 14:39:21] ,1,32.765,436.398,72.708,-5.791,455.907,-82.304,

[2024-10-25 14:39:39] ,1,26.109,439.101,21.516,18.463,483.787,1.534,

[2024-10-25 14:40:01] ,1,28.415,432.51,21.038,46.936,469.814,47.521,

[2024-10-25 14:40:15] ,2,56.229,437.585,-18.925,0.865,442.462,-162.372,

[2024-10-25 14:40:29] ,1,61.897,439.826,40.267,-2.43,482.535,46.801,

[2024-10-25 14:40:42] ,3,19.056,437.782,54.66,28.152,460.389,84.079,

[2024-10-25 14:40:57] ,2,39.356,448.394,-137.521,8.972,451.03,84.341,

[2024-10-25 14:41:11] ,2,8.972,483.128,31.574,48.979,495.189,11.411,

[2024-10-25 14:41:24] ,1,22.418,489.587,-15.03,0.272,492.816,82.304,

[2024-10-25 14:41:40] ,3,35.27,432.707,57.496,17.54,453.469,38.134,

[2024-10-25 14:41:54] ,2,-6.253,434.223,-66.666,35.402,494.728,53.746,

[2024-10-25 14:42:07] ,1,24.461,426.644,12.417,51.484,445.692,62.049,

[2024-10-25 14:42:21] ,3,-3.55,461.114,83.613,55.768,493.014,-11.889,

[2024-10-25 14:42:37] ,1,61.634,467.573,88.977,13.388,483.194,-88.466,

[2024-10-25 14:43:00] ,2,21.495,456.896,-44.64,39.356,471.857,166.584,

[2024-10-25 14:43:16] ,3,29.602,427.237,-36.529,26.109,484.644,-11.476,

[2024-10-25 14:43:29] ,3,18.002,452.81,70.233,-0.848,473.505,-29.219,

[2024-10-25 14:43:45] ,3,24.988,429.544,-73.586,-4.605,471.001,5.08,

[2024-10-25 14:44:00] ,2,19.254,453.403,-97.696,-10.273,468.562,51.582,

[2024-10-25 14:44:17] ,2,26.636,427.171,168.085,37.247,429.742,6.226,

[2024-10-25 14:44:31] ,3,8.247,441.078,-26.188,8.05,467.178,62.301,

[2024-10-25 14:44:53] ,3,35.336,427.171,55.954,18.397,474.164,47.386,

[2024-10-25 14:45:06] ,1,42.652,438.046,-15.524,41.531,485.171,77.082,

[2024-10-25 14:45:30] ,2,15.036,458.148,-105.876,1.063,487.61,-109.895,

[2024-10-25 14:45:46] ,3,13.652,481.151,-86.583,48.056,483.523,-7.651,

[2024-10-25 14:46:01] ,3,-4.341,435.08,-42.589,37.511,475.548,-71.166,

[2024-10-25 14:46:17] ,3,6.534,471.462,4.693,13.586,495.387,73.301,

[2024-10-25 14:46:34] ,2,-1.705,454.985,-27.255,26.504,460.455,-171.215,

[2024-10-25 14:46:56] ,3,-11.196,482.073,29.427,27.361,486.094,-86.609,

[2024-10-25 14:47:44] ,2,-10.998,447.735,53.334,1.327,491.235,-46.45,

[2024-10-25 14:48:14] ,1,38.631,426.446,29.809,20.44,438.442,1.534,

[2024-10-25 14:48:27] ,1,43.772,439.101,-2.556,43.772,453.93,88.479,

[2024-10-25 14:48:43] ,1,31.513,442.66,57.724,47.068,468.035,68.671,

[2024-10-25 14:48:59] ,1,-7.439,433.103,-46.095,3.7,487.412,-31.842,

[2024-10-25 14:49:21] ,1,54.779,465.86,3.066,7.061,483.326,-14.407,

[2024-10-25 14:49:37] ,2,-5.066,454.853,98.785,-8.428,476.339,-121.842,

[2024-10-25 14:49:53] ,1,5.809,456.896,18.273,58.734,488.269,-42.825,

[2024-10-25 14:50:07] ,2,14.706,428.292,99.293,-6.319,483.326,143.027,

[2024-10-25 14:50:29] ,1,14.179,454.985,-68.484,58.668,471.726,29.554,

[2024-10-25 14:50:44] ,1,51.352,465.662,-35.952,-2.562,488.994,-60.698,

[2024-10-25 14:51:02] ,2,61.106,432.378,-157.62,24.527,463.355,61.39,

[2024-10-25 14:51:26] ,1,36.588,426.578,66.666,60.975,439.43,10.397,

[2024-10-25 14:51:40] ,1,19.715,477.13,59.816,1.393,480.689,68.484,

[2024-10-25 14:51:54] ,1,24.263,461.51,-85.95,5.15,498.88,-13.912,

[2024-10-25 14:52:08] ,1,25.515,449.712,42.479,-10.998,487.214,-9.293,

[2024-10-25 14:52:22] ,1,41.202,458.939,86.424,12.202,498.88,8.202,

[2024-10-25 14:52:36] ,2,-9.614,426.71,-18.273,4.029,445.955,158.962,

[2024-10-25 14:52:52] ,1,52.736,432.114,78.589,46.013,465.398,-26.792,

[2024-10-25 14:53:06] ,3,21.825,432.378,-23.532,44.168,463.685,59.47,

[2024-10-25 14:53:28] ,1,18.068,485.83,21.329,45.288,493.937,78.69,

[2024-10-25 14:53:42] ,3,-11.328,436.728,-77.609,37.05,443.253,37.801,

[2024-10-25 14:53:57] ,1,43.047,468.826,6.17,-2.43,475.548,-85.406,

[2024-10-25 14:54:11] ,3,16.552,474.428,-67.574,58.272,486.885,41.386,

[2024-10-25 14:54:25] ,2,38.17,441.407,-150.895,-11.723,470.605,39.542,

[2024-10-25 14:54:42] ,3,-2.364,453.864,89.572,20.572,481.48,-0.424,

[2024-10-25 14:54:56] ,3,-10.8,459.269,64.957,57.943,474.823,-23.532,

[2024-10-25 14:55:12] ,2,12.07,458.742,25.201,20.375,496.639,-12.417,

[2024-10-25 14:55:33] ,3,27.69,437.848,87.879,55.636,484.182,77.609,

[2024-10-25 14:55:49] ,2,10.356,435.41,-168.69,-6.846,436.267,68.295,

[2024-10-25 14:56:04] ,2,32.436,433.696,-34.403,4.622,463.026,-157.341,

[2024-10-25 14:56:20] ,1,54.45,439.496,2.556,38.895,439.694,-52.214,

[2024-10-25 14:56:35] ,3,-2.562,461.51,-69.944,3.634,488.401,-23.532,

[2024-10-25 14:56:49] ,3,-10.932,462.432,6.009,58.931,484.051,37.465,

[2024-10-25 14:57:11] ,2,34.809,439.298,70.589,38.17,473.901,-127.073,

[2024-10-25 14:57:26] ,3,-7.703,441.21,-19.25,2.447,480.755,-89.145,

[2024-10-25 14:57:49] ,3,31.909,447.01,80.261,-10.141,463.882,19.109,

[2024-10-25 14:58:04] ,2,22.747,471.001,174.898,37.313,494.596,-107.628,

[2024-10-25 14:58:20] ,3,11.015,426.446,-67.249,2.184,476.735,-70.891,

[2024-10-25 14:58:34] ,2,-6.78,435.344,-57.019,28.152,436.201,-50.064,

[2024-10-25 14:58:51] ,1,14.179,442.462,-80.2,-12.646,457.753,-24.955,

[2024-10-25 14:59:10] ,2,48.584,433.696,86.878,25.713,449.185,-107.14,

[2024-10-25 15:02:24] ,1,17.87,442.462,71.727,26.9,462.037,-3.576,

[2024-10-25 15:02:37] ,1,23.077,447.669,36.666,40.411,465.662,73.009,

[2024-10-25 15:02:53] ,2,55.57,425.128,-90,59.986,438.046,-58.595,

[2024-10-25 15:03:09] ,1,50.825,431.06,39.144,9.697,480.03,-86.424,

[2024-10-25 15:03:27] ,2,6.468,448.789,119.554,44.563,477.855,145.597,

[2024-10-25 15:03:42] ,1,38.895,427.567,-39.218,-6.78,439.562,-64.826,

[2024-10-25 15:04:12] ,1,35.072,458.148,84.44,28.218,490.312,-18.113,

[2024-10-25 15:04:30] ,1,-2.166,441.342,24.274,13.652,484.248,70.758,

[2024-10-25 15:04:44] ,2,-8.032,425.128,-116.796,56.097,432.378,-3.122,

[2024-10-25 15:05:20] ,2,35.929,470.737,11.31,54.911,491.498,104.036,

[2024-10-25 15:07:25] ,1,57.613,447.01,82.811,-9.812,472.517,46.801,

[2024-10-25 15:07:39] ,2,60.513,441.276,-72.86,-3.089,494.135,76.967,

[2024-10-25 15:07:53] ,1,3.106,443.648,7.189,54.779,454.523,-75.466,

[2024-10-25 15:08:08] ,1,37.511,453.139,-43.919,13.19,460.192,-61.39,

[2024-10-25 15:08:22] ,1,9.895,426.842,-45.365,51.352,485.962,42.479,

[2024-10-25 15:08:37] ,2,18.925,431.587,99.293,46.343,455.842,90,

[2024-10-25 15:08:51] ,1,12.07,430.401,81.724,50.034,459.467,85.406,

[2024-10-25 15:09:05] ,1,58.14,425.787,80.623,14.443,499.473,-55.176,

[2024-10-25 15:09:20] ,2,50.89,427.171,-3.608,50.956,468.562,41.719,

[2024-10-25 15:09:33] ,2,36.325,451.426,26.338,53.395,452.414,143.334,

[2024-10-25 15:09:51] ,2,46.936,445.362,157.341,31.513,483.853,174.341,

[2024-10-25 15:10:05] ,3,55.57,463.223,-11.976,-4.341,496.639,-11.646,

[2024-10-25 15:10:22] ,1,-7.307,437.98,-61.595,40.806,457.357,14.407,

[2024-10-25 15:10:40] ,2,56.822,474.823,8.785,33.952,480.228,58.861,

[2024-10-25 15:11:02] ,3,-6.582,427.501,61.152,36.193,494.53,42.302,

[2024-10-25 15:11:23] ,1,44.629,455.973,21.991,-11.921,465.332,-81.724,

[2024-10-25 15:11:48] ,1,31.579,452.217,14.407,30.92,480.492,-84.898,

[2024-10-25 15:12:04] ,2,34.479,432.642,67.62,-9.153,443.78,-113.806,

[2024-10-25 15:12:22] ,1,19.781,444.439,6.68,59.656,474.032,-10.305,

[2024-10-25 15:12:43] ,3,21.561,433.037,12.804,24.659,447.867,-9.811,

[2024-10-25 15:12:57] ,1,20.177,429.61,83.83,11.543,465.464,-13.299,

[2024-10-25 15:13:13] ,3,8.84,449.185,87.879,58.931,469.485,-22.195,

[2024-10-25 15:13:28] ,3,5.15,449.91,67.964,0.734,471.857,-23.92,

[2024-10-25 15:13:42] ,1,54.45,429.742,-57.171,58.404,491.96,-18.273,

[2024-10-25 15:13:59] ,3,6.863,451.755,-58.085,22.55,494.794,-25.994,

[2024-10-25 15:14:21] ,1,5.413,435.146,66.869,9.631,490.246,62.289,

[2024-10-25 15:14:35] ,2,54.252,426.182,-72.216,14.575,439.562,150.001,

[2024-10-25 15:14:50] ,3,-0.914,431.982,-40.51,41.4,439.562,-33.573,

[2024-10-25 15:15:03] ,3,-12.316,476.339,9.739,43.443,492.289,-26.946,

[2024-10-25 15:15:25] ,1,13.256,442.989,-86.424,54.977,457.621,58.158,

[2024-10-25 15:15:40] ,3,9.368,477.328,-87.894,6.731,496.376,-21.405,

[2024-10-25 15:15:54] ,2,2.052,425.194,109.584,53,450.437,-121.405,

[2024-10-25 15:16:12] ,3,-1.903,473.505,10.154,-7.307,489.521,-3.842,

[2024-10-25 15:16:27] ,2,0.734,444.901,-17.784,15.761,461.048,-101.81,

[2024-10-25 15:16:51] ,1,15.3,464.476,23.6,41.268,493.08,8.707,

[2024-10-25 15:17:06] ,1,40.74,433.762,-72.86,56.097,450.107,-48.24,

[2024-10-25 15:17:20] ,2,19.32,463.092,65.726,30.063,477.789,-139.343,

[2024-10-25 15:17:42] ,1,18.068,444.11,58.595,61.04,453.007,50.782,

[2024-10-25 15:17:58] ,2,9.961,448.262,-4.122,34.084,466.585,130.326,

[2024-10-25 15:18:14] ,1,30.854,430.928,-38.1,25.977,461.51,88.968,

[2024-10-25 15:18:30] ,2,58.997,471.792,68.962,28.811,497.364,126.254,

[2024-10-25 15:19:01] ,2,55.438,442.857,12.417,29.338,479.964,-129.936,

[2024-10-25 15:19:15] ,3,43.838,489.257,-79.771,18.595,491.696,-78.44,

