[2024-10-24 09:43:34] ,4,1.459,433.367,-173.32,11.806,481.876,113.398,

[2024-10-24 09:43:37] ,1,18.661,436.794,-62.076,-1.375,447.998,-76.209,

[2024-10-24 09:43:40] ,1,-10.932,440.023,80.789,34.018,441.078,-7.628,

[2024-10-24 09:43:42] ,1,25.384,425.194,-54.758,-9.482,498.353,47.899,

[2024-10-24 09:44:09] ,1,39.027,441.671,-58.69,-9.614,499.539,47.899,

[2024-10-24 09:44:24] ,4,1.854,439.694,45,3.238,465.003,-155.934,

[2024-10-24 09:44:39] ,1,2.118,439.694,-14.899,6.072,453.535,71.887,

[2024-10-24 09:44:54] ,4,53.065,453.007,104.769,32.502,487.214,9.13,

[2024-10-24 09:45:08] ,1,38.17,457.621,-18.595,56.822,479.767,-28.163,

[2024-10-24 09:45:22] ,1,19.386,429.017,-34.114,22.418,459.928,-23.398,

[2024-10-24 09:45:46] ,4,-4.605,466.189,142.214,34.94,476.273,-42.51,

[2024-10-24 09:46:06] ,2,6.797,438.376,-170.789,20.638,438.376,117.924,

[2024-10-24 09:46:23] ,3,46.87,427.303,-76.273,37.775,459.071,70.374,

[2024-10-24 09:46:41] ,2,6.072,450.107,-53.637,53.395,483.194,113.6,

[2024-10-24 09:46:59] ,1,47.068,454.721,-10.713,44.893,473.307,-72.044,

[2024-10-24 09:53:51] ,3,8.906,425.523,75.556,37.84,497.562,-72.368,

[2024-10-24 09:54:06] ,1,5.94,475.482,11.81,51.615,493.146,-16.504,

[2024-10-24 09:54:21] ,2,27.756,451.228,124.249,-0.716,453.403,138.958,

[2024-10-24 09:54:39] ,2,23.077,446.219,-111.801,58.997,484.973,153.435,

[2024-10-24 10:01:51] ,1,28.481,429.873,65.934,-7.505,468.035,21.329,

[2024-10-24 10:02:06] ,2,3.634,431.587,-173.884,-5.462,468.167,-130.326,

[2024-10-24 10:02:25] ,3,25.186,435.542,-51.274,47.397,461.444,-13.216,

[2024-10-24 10:02:40] ,4,-8.889,463.157,86.424,-6.319,487.61,40.326,

[2024-10-24 10:02:53] ,1,3.37,425.721,53.334,37.379,457.094,58.95,

[2024-10-24 10:03:08] ,2,56.427,425.589,118.163,44.959,464.871,-177.466,

[2024-10-24 10:03:28] ,3,21.693,471.989,78.111,-10.339,492.487,40.236,

[2024-10-24 10:03:45] ,1,60.447,433.301,27.474,-7.373,453.667,19.075,

[2024-10-24 10:04:16] ,1,25.12,434.751,64.799,31.315,459.598,75.231,

[2024-10-24 10:04:39] ,2,58.8,448.46,25.659,41.334,460.785,0,

[2024-10-24 10:05:13] ,1,17.606,453.93,-8.351,24.593,469.023,-17.784,

[2024-10-24 10:05:58] ,1,-7.505,425.721,-41.424,38.17,441.803,88.493,

[2024-10-24 10:06:18] ,2,61.106,425.26,154.799,47.661,427.303,167.8,

[2024-10-24 10:06:59] ,2,43.64,442.001,-81.798,55.768,453.535,-94.635,

[2024-10-24 10:07:39] ,1,-7.505,429.544,87.421,42.059,430.664,-10.808,

[2024-10-24 10:08:06] ,1,56.097,427.369,-14.534,42.388,430.664,-90,

[2024-10-24 10:12:44] ,1,7.918,466.717,18.113,-2.562,485.105,78.69,

[2024-10-24 10:12:59] ,1,54.779,469.353,-35.952,0.931,488.796,-70.105,

[2024-10-24 10:13:18] ,2,44.497,457.687,79.695,-11.987,465.86,98.202,

[2024-10-24 10:13:37] ,2,-5.659,482.996,-143.334,-5.594,495.914,101.514,

[2024-10-24 10:13:54] ,2,17.079,439.101,-7.253,53.065,440.287,99.293,

[2024-10-24 10:14:29] ,1,36.918,436.464,36.666,58.668,444.044,0.516,

[2024-10-24 10:14:44] ,1,6.6,445.823,60.001,-10.537,497.43,19.411,

[2024-10-24 10:14:59] ,2,4.82,430.532,57.45,48.781,445.296,84.852,

[2024-10-24 10:15:15] ,3,54.12,425.853,-19.654,40.477,449.712,-18.435,

[2024-10-24 10:15:29] ,1,3.04,448.855,40.992,20.836,467.442,43.199,

[2024-10-24 10:15:57] ,3,18.331,428.819,18.299,21.495,454.062,-46.79,

[2024-10-24 10:16:14] ,2,38.631,431.917,128.418,35.534,472.846,42.138,

[2024-10-24 10:16:29] ,2,43.772,426.512,-15.164,29.602,428.423,135,

[2024-10-24 10:16:45] ,4,12.136,449.646,46.824,38.763,461.51,-5.609,

[2024-10-24 10:17:09] ,1,12.202,437.848,80.2,13.784,454.787,-2.045,

[2024-10-24 10:17:32] ,1,25.515,445.56,71.241,-7.966,471.396,-8.276,

[2024-10-24 10:17:59] ,1,59.722,443.385,-20.376,-6.055,491.169,-7.765,

[2024-10-24 10:18:39] ,1,46.409,439.694,73.843,23.604,445.494,34.114,

[2024-10-24 10:19:00] ,1,20.111,457.819,-47.862,20.309,486.489,-68.671,

[2024-10-24 10:19:22] ,1,12.465,457.16,-10.305,0.931,465.596,10.808,

[2024-10-24 10:19:37] ,2,21.693,476.537,-12.308,30.722,495.321,-174.341,

[2024-10-24 10:20:12] ,3,48.65,427.83,-81.027,18.265,464.08,-56.077,

[2024-10-24 10:20:31] ,2,37.972,441.539,-50.782,59.063,455.314,96.17,

[2024-10-24 10:20:51] ,4,52.406,448.394,-27.711,-1.573,482.601,24.74,

[2024-10-24 10:21:03] ,2,21.89,428.951,-166.967,55.175,453.469,-116.565,

[2024-10-24 10:21:35] ,3,11.609,439.364,68.749,39.093,460.455,-88.315,

[2024-10-24 10:21:54] ,3,-3.353,460.323,84.883,13.388,495.057,-32.634,

[2024-10-24 10:22:17] ,1,-11.987,437.651,26.105,4.754,455.644,-1.548,

[2024-10-24 10:22:40] ,3,2.579,427.83,68.199,-9.416,478.91,7.651,

[2024-10-24 10:22:59] ,3,8.577,454.128,-6.759,28.745,481.282,-20.704,

[2024-10-24 10:25:21] ,3,43.311,425.655,-38.395,41.334,497.562,18.569,

[2024-10-24 10:25:35] ,3,15.365,452.678,-60.781,18.925,473.439,23.143,

[2024-10-24 10:25:53] ,1,47.727,448.196,-34.403,-11.921,475.087,-90,

[2024-10-24 10:26:09] ,3,12.663,431.587,69.544,10.884,476.142,-69.146,

[2024-10-24 10:26:24] ,3,-3.419,472.187,-9.392,43.904,485.039,65.136,

[2024-10-24 10:26:42] ,2,-11.394,434.685,164.338,58.404,454.194,-29.554,

[2024-10-24 10:26:58] ,3,30.063,456.83,-45,10.159,484.973,-83.613,

[2024-10-24 10:27:22] ,2,3.963,472.846,29.302,18.595,482.93,82.304,

[2024-10-24 10:27:37] ,1,34.281,425.062,-22.659,-8.296,432.707,-62.745,

[2024-10-24 10:27:52] ,1,43.047,446.021,-68.484,30.393,462.432,-73.496,

[2024-10-24 10:28:07] ,4,50.956,438.31,41.379,41.729,499.803,10.397,

[2024-10-24 10:28:20] ,3,-2.825,433.96,0,6.072,492.619,63.054,

[2024-10-24 10:28:34] ,2,52.275,441.012,-141.988,26.834,476.998,-48.24,

[2024-10-24 10:37:58] ,1,11.279,461.839,32.276,57.943,480.492,-68.962,

[2024-10-24 10:38:01] ,4,9.565,459.994,-88.466,-7.307,491.169,-75.466,

[2024-10-24 10:38:15] ,2,37.313,492.223,116.796,8.84,493.673,164.97,

[2024-10-24 10:38:37] ,1,18.134,427.435,-12.417,36.39,494.332,76.584,

[2024-10-24 10:38:53] ,1,23.802,471.001,12.308,-0.65,476.603,-12.918,

[2024-10-24 10:39:07] ,2,25.252,426.776,104.036,-4.341,485.764,-160.758,

[2024-10-24 10:39:23] ,2,51.286,462.432,168.19,-1.903,473.703,-49.674,

[2024-10-24 10:39:39] ,1,-1.31,435.476,-46.45,58.536,437.255,21.516,

[2024-10-24 10:39:53] ,1,58.931,472.451,32.981,-9.878,496.969,-76.584,

[2024-10-24 10:40:08] ,1,-10.537,430.203,-1.548,2.909,456.237,1.534,

[2024-10-24 10:40:22] ,1,53.329,460.192,33.408,26.504,467.639,67.73,

[2024-10-24 10:40:37] ,2,6.6,433.96,-60.895,31.579,439.826,99.8,

[2024-10-24 10:40:51] ,3,51.352,438.507,17.761,7.588,441.473,-18.166,

[2024-10-24 10:41:08] ,3,14.047,437.189,7.23,-7.505,488.532,-59.255,

[2024-10-24 10:41:34] ,3,11.675,456.764,24.305,24.79,473.373,-27.13,

[2024-10-24 10:41:48] ,1,23.406,431.785,-73.985,31.711,469.617,14.407,

[2024-10-24 10:42:02] ,2,30.195,454.985,170.287,11.938,465.596,-87.955,

[2024-10-24 10:42:17] ,3,31.579,437.651,20.056,19.781,473.439,21.098,

[2024-10-24 10:42:31] ,1,43.706,450.239,70.758,39.95,469.88,-39.999,

[2024-10-24 10:42:45] ,2,36.522,436.992,-113.131,50.034,447.076,57.019,

[2024-10-24 10:43:00] ,1,47.661,427.303,38.82,-4.473,435.805,-70.105,

[2024-10-24 10:43:14] ,1,25.054,457.819,-55.465,41.531,469.946,-35.242,

[2024-10-24 10:43:28] ,2,16.354,430.994,72.86,12.927,480.228,-63.662,

[2024-10-24 10:43:43] ,2,44.695,430.994,168.085,1.459,467.507,150.446,

[2024-10-24 10:43:58] ,2,29.14,456.435,61.837,14.245,460.455,137.553,

[2024-10-24 10:44:13] ,1,51.55,457.621,39.218,18.925,477.328,25.201,

[2024-10-24 10:44:26] ,1,44.563,477.46,-15.03,15.761,479.898,-39.611,

[2024-10-24 10:44:40] ,3,22.154,430.467,-34.749,-8.032,431.587,-61.902,

[2024-10-24 10:44:54] ,3,55.57,476.537,-36.529,-12.316,478.58,58.671,

[2024-10-24 10:45:08] ,3,35.138,444.505,-69.146,60.975,497.957,26.946,

[2024-10-24 10:45:24] ,2,34.281,452.876,-101.915,59.327,466.189,97.696,

[2024-10-24 10:45:41] ,1,-11.196,427.237,1.562,2.118,433.235,-80.287,

[2024-10-24 10:45:55] ,2,-8.889,451.294,0,-3.748,478.382,94.086,

[2024-10-24 10:46:09] ,3,15.893,469.353,71.966,21.297,491.235,-59.835,

[2024-10-24 10:46:25] ,2,56.295,431.521,96.68,46.079,463.553,-85.406,

[2024-10-24 10:46:48] ,4,47.793,479.635,14.407,50.825,497.101,-81.87,

[2024-10-24 10:46:59] ,2,58.602,425.787,-154.359,-12.58,484.117,-4.122,

[2024-10-24 10:47:12] ,1,29.075,447.801,5.102,44.563,490.378,84.852,

[2024-10-24 10:47:26] ,3,6.468,446.417,-14.139,39.29,452.876,13.12,

[2024-10-24 10:47:40] ,4,28.415,431.521,-19.895,61.568,483.985,-76.088,

[2024-10-24 10:47:52] ,3,5.347,459.664,-29.219,26.702,487.742,-66.468,

[2024-10-24 10:48:05] ,1,61.568,455.051,-67.816,45.552,476.01,50.064,

[2024-10-24 10:48:21] ,2,5.875,472.451,-158.009,48.188,487.346,-126.254,

[2024-10-24 10:48:44] ,1,21.429,438.178,-45.725,3.238,442.067,-18.925,

[2024-10-24 10:48:57] ,4,10.884,470.737,-21.991,54.845,479.635,83.32,

[2024-10-24 10:49:09] ,2,52.406,455.578,-101.31,18.859,461.707,5.56,

[2024-10-24 10:49:22] ,3,6.006,452.876,54.904,41.531,480.162,60.202,

[2024-10-24 10:49:37] ,1,-7.9,459.598,-11.915,29.997,476.998,-28.61,

[2024-10-24 10:49:53] ,3,36.193,425.985,45.9,55.306,492.091,59.621,

[2024-10-24 10:50:09] ,2,51.945,456.039,-167.082,-0.914,466.717,79.095,

[2024-10-24 10:50:31] ,3,44.234,438.639,76.273,23.275,498.814,57.724,

[2024-10-24 10:50:47] ,2,42.256,481.546,-158.962,36.984,498.748,-5.148,

[2024-10-24 10:51:01] ,1,1.986,437.387,32.115,58.075,444.373,28.856,

[2024-10-24 10:51:16] ,3,-6.516,426.842,-14.657,-12.119,472.385,10.646,

[2024-10-24 10:51:30] ,2,61.238,435.344,-168.589,-12.448,485.435,153.204,

[2024-10-24 10:51:47] ,4,9.565,440.682,-24.274,24.197,472.582,68.009,

[2024-10-24 10:52:07] ,1,43.904,446.153,-8.707,57.943,450.569,-39.936,

[2024-10-24 10:52:20] ,3,20.177,434.157,82.716,-10.405,437.848,-87.879,

[2024-10-24 10:52:35] ,2,45.947,434.223,62.049,52.802,454.589,108.273,

[2024-10-24 10:52:49] ,2,8.972,463.223,-72.372,37.84,473.11,168.19,

[2024-10-24 10:53:04] ,3,18.397,425.721,8.07,10.95,497.628,-48.331,

[2024-10-24 10:53:18] ,4,57.547,471.989,-66.194,52.143,486.16,104.534,

[2024-10-24 10:53:30] ,3,20.902,428.885,-19.654,0.075,441.869,74.521,

[2024-10-24 10:53:43] ,3,43.113,429.544,-57.137,0.931,435.41,17.227,

[2024-10-24 10:53:57] ,3,-2.496,468.694,72.368,17.87,471.462,22.813,

[2024-10-24 10:54:13] ,1,60.975,479.767,-19.895,57.02,496.112,-31.405,

[2024-10-24 10:54:30] ,3,8.577,451.492,54.315,43.772,493.344,47.411,

[2024-10-24 10:56:36] ,2,-0.716,426.776,41.719,45.552,487.346,90,

[2024-10-24 10:56:40] ,2,51.879,438.639,0,-6.516,462.103,-3.094,

[2024-10-24 10:57:01] ,1,-5.528,476.405,-14.036,57.218,482.798,-1.548,

[2024-10-24 10:57:15] ,1,3.831,456.105,31.574,45.947,480.557,-70.758,

[2024-10-24 10:57:29] ,2,48.452,448.064,-86.934,-12.909,457.094,-170.112,

[2024-10-24 10:57:44] ,2,59.525,438.837,111.038,-2.628,444.439,-94.635,

[2024-10-24 10:57:59] ,1,34.215,449.251,25.201,13.125,469.617,58.426,

[2024-10-24 10:58:13] ,3,13.718,437.914,-6.759,48.584,473.242,-76.373,

[2024-10-24 10:58:27] ,2,0.206,446.548,154.581,38.763,487.082,-5.609,

[2024-10-24 10:58:43] ,1,29.338,440.551,79.695,18.529,468.892,64.799,

[2024-10-24 10:58:58] ,1,29.009,469.221,74.124,57.086,490.378,-53.44,

[2024-10-24 10:59:13] ,2,43.179,445.56,-45.725,22.088,485.171,1.032,

[2024-10-24 10:59:26] ,2,60.579,428.094,-2.064,11.806,451.755,-141.499,

[2024-10-24 10:59:41] ,2,38.236,429.676,112.659,34.215,444.637,-32.55,

[2024-10-24 10:59:55] ,2,17.013,461.971,-161.887,27.427,469.748,-4.554,

[2024-10-24 11:00:09] ,3,46.277,426.578,53.13,-7.571,479.437,36.529,

[2024-10-24 11:00:23] ,2,28.284,449.251,117.474,40.279,462.498,162.372,

[2024-10-24 11:00:37] ,3,56.888,467.639,-70.089,24.988,480.821,2.106,

[2024-10-24 11:00:54] ,1,56.031,425.326,89.484,21.429,446.812,-46.801,

[2024-10-24 11:01:09] ,2,45.156,461.114,143.746,-9.021,471.067,-3.094,

[2024-10-24 11:01:27] ,1,56.295,436.926,7.696,34.611,462.564,13.299,

[2024-10-24 11:01:42] ,3,25.252,457.16,64.573,13.388,479.503,-8.07,

[2024-10-24 11:02:04] ,4,53.79,425.655,-81.798,25.647,426.051,-9.293,

[2024-10-24 11:02:16] ,1,58.865,425.26,30.256,34.084,447.867,-70.758,

[2024-10-24 11:02:29] ,3,23.868,450.371,-79.354,38.104,465.728,63.435,

[2024-10-24 11:02:44] ,1,10.686,442.66,-88.968,30.393,451.887,-29.745,

[2024-10-24 11:02:58] ,1,44.563,439.298,-35.538,43.245,455.71,-88.986,

[2024-10-24 11:03:14] ,3,44.497,433.762,-4.693,23.736,437.387,88.717,

[2024-10-24 11:03:28] ,1,-8.296,446.482,-86.906,17.804,472.253,64.558,

[2024-10-24 11:03:43] ,1,6.929,445.889,-22.184,45.815,485.896,7.125,

[2024-10-24 11:03:57] ,2,47.99,440.221,65.045,3.7,446.944,169.095,

[2024-10-24 11:04:12] ,1,17.54,448.592,36.666,-0.057,496.903,40.267,

[2024-10-24 11:04:25] ,2,35.336,439.76,96.17,21.495,480.36,161.727,

[2024-10-24 11:04:41] ,1,22.22,460.917,12.2,-10.603,475.812,-61.595,

[2024-10-24 11:04:55] ,1,7.259,435.212,-40.657,-11.789,486.555,-14.534,

[2024-10-24 11:05:09] ,3,42.652,438.837,48.013,61.304,445.164,67.643,

[2024-10-24 11:05:23] ,3,38.368,459.862,82.823,13.388,480.492,45,

[2024-10-24 11:05:37] ,3,-6.121,441.737,10.305,25.779,444.307,13.216,

[2024-10-24 11:05:50] ,3,39.686,425.128,46.5,49.902,457.357,39.914,

[2024-10-24 11:06:04] ,3,23.011,471.989,84.079,57.679,486.687,36.529,

[2024-10-24 11:06:26] ,1,17.606,432.707,-31.405,20.704,464.607,34.114,

[2024-10-24 11:06:40] ,1,9.236,429.148,-71.565,21.89,484.512,68.671,

[2024-10-24 11:06:55] ,2,48.122,450.437,149.3,55.768,486.951,177.444,

[2024-10-24 11:07:09] ,1,-10.339,432.773,27.951,48.584,494.398,47.553,

[2024-10-24 11:07:27] ,2,27.229,427.632,20.072,58.668,454.326,83.32,

[2024-10-24 11:07:43] ,3,25.12,432.971,35.685,-12.316,442.132,-4.268,

[2024-10-24 11:08:02] ,2,56.69,437.651,-57.171,1.525,469.419,-135,

[2024-10-24 11:08:16] ,2,44.695,461.312,-173.32,61.238,486.357,135.365,

[2024-10-24 11:08:48] ,2,38.104,432.707,9.888,-3.814,441.737,-65.513,

[2024-10-24 11:09:01] ,1,-6.121,473.307,16.65,18.265,483.062,-63.895,

[2024-10-24 11:09:15] ,2,7.456,459.928,170.707,-8.955,484.578,-90,

[2024-10-24 11:09:32] ,4,7.588,440.88,-14.407,7.127,494.794,54.462,

[2024-10-24 11:09:43] ,4,39.554,451.623,40.326,36.852,484.446,-4.086,

[2024-10-24 11:09:57] ,4,-3.023,455.578,-86.906,37.906,482.732,37.073,

[2024-10-24 11:10:16] ,1,-4.144,427.039,-3.094,-9.746,474.098,70.589,

[2024-10-24 11:10:30] ,2,27.559,457.226,-49.343,24.988,490.378,-122.55,

[2024-10-24 11:10:44] ,1,5.413,432.114,-14.036,50.034,489.323,-26.565,

[2024-10-24 11:10:58] ,2,6.402,482.601,-135,47.397,498.023,-3.122,

[2024-10-24 11:11:12] ,1,22.813,450.305,2.556,48.254,452.217,57.295,

[2024-10-24 11:11:27] ,1,-8.494,433.037,-44.275,31.579,482.337,-73.496,

[2024-10-24 11:11:50] ,3,19.584,437.255,-79.695,10.422,460.521,85.342,

[2024-10-24 11:12:04] ,1,51.154,478.448,13.912,12.729,489.521,-37.381,

[2024-10-24 11:12:19] ,2,39.884,462.96,-176.934,23.868,498.089,-5.659,

[2024-10-24 11:12:33] ,1,31.579,444.044,-17.628,38.565,496.507,-7.189,

[2024-10-24 11:12:47] ,1,32.04,475.087,-4.594,18.99,475.351,-29.302,

[2024-10-24 11:13:03] ,3,-11.13,427.501,56.547,10.093,450.767,-72.773,

[2024-10-24 11:13:17] ,2,17.013,477.526,45,42.652,483.26,102.308,

[2024-10-24 11:13:32] ,1,50.297,425.589,63.895,59.063,442.528,-21.516,

[2024-10-24 11:13:46] ,2,44.3,430.071,-96.68,59.063,441.276,83.32,

[2024-10-24 11:14:02] ,2,57.547,447.01,4.086,26.57,461.114,-77.692,

[2024-10-24 11:14:16] ,3,48.913,425.721,83.66,36.522,435.08,76.686,

[2024-10-24 11:14:30] ,2,9.961,436.135,-58.426,27.295,460.587,-6.621,

[2024-10-24 11:14:44] ,3,-11.723,461.246,-19.911,12.465,462.367,56.781,

[2024-10-24 11:14:58] ,4,-1.837,434.026,4.635,8.313,451.294,103.912,

[2024-10-24 11:15:10] ,2,18.661,443.978,-98.276,40.74,478.976,99.713,

[2024-10-24 11:15:23] ,3,53.988,457.16,28.474,26.175,485.105,60.781,

[2024-10-24 11:15:37] ,2,11.74,445.626,-144.462,59.327,446.68,155.045,

[2024-10-24 11:15:52] ,1,36.852,425.589,79.192,11.015,471.462,-45.36,

[2024-10-24 11:16:07] ,2,15.168,443.055,90,48.452,471.067,144.048,

[2024-10-24 11:16:21] ,3,16.025,444.835,-14.243,53.79,485.83,55.251,

[2024-10-24 11:16:35] ,3,2.315,467.969,10.154,27.361,494.266,-70.089,

[2024-10-24 11:16:49] ,2,-9.35,436.267,173.32,48.32,445.56,57.45,

[2024-10-24 11:17:04] ,2,58.865,480.03,-172.811,54.12,497.628,107.784,

[2024-10-24 11:17:19] ,3,46.87,450.305,-79.846,26.504,475.614,18.834,

[2024-10-24 11:17:41] ,1,41.004,436.596,-83.83,18.661,437.255,-78.69,

[2024-10-24 11:17:55] ,1,61.897,434.289,75.964,40.74,452.151,-19.242,

[2024-10-24 11:18:18] ,1,61.37,436.135,61.595,9.697,499.671,87.444,

[2024-10-24 11:18:32] ,3,56.229,466.453,-66.636,-1.244,478.448,-50.681,

[2024-10-24 11:18:46] ,1,42.19,446.614,87.973,15.168,452.678,-47.521,

[2024-10-24 11:19:01] ,2,42.059,448.064,-51.18,24.395,464.739,58.69,

[2024-10-24 11:19:17] ,1,16.815,425.062,80.2,40.543,435.344,-68.484,

[2024-10-24 11:19:31] ,3,10.95,440.551,74.113,-11.987,454.985,3.814,

[2024-10-24 11:19:45] ,2,61.172,430.401,173.26,52.604,484.644,-17.14,

[2024-10-24 11:20:00] ,3,-6.121,480.162,-42.302,-12.514,497.76,-6.86,

[2024-10-24 11:20:13] ,2,49.111,432.246,24.274,57.02,465.003,6.17,

[2024-10-24 11:20:28] ,1,22.879,427.171,-50.458,55.175,495.914,-5.194,

[2024-10-24 11:20:42] ,3,17.606,438.507,-56.781,50.759,491.696,0,

[2024-10-24 11:20:59] ,2,25.713,474.032,104.407,38.763,494.86,-5.711,

[2024-10-24 11:21:25] ,2,28.152,465.069,57.995,57.811,467.837,-121.139,

[2024-10-24 11:21:39] ,3,51.22,438.442,-53.471,18.595,487.412,20.308,

[2024-10-24 11:21:56] ,1,-0.387,462.498,75.101,37.379,466.651,-90,

[2024-10-24 11:22:21] ,3,48.715,433.498,-50.681,-4.671,435.871,-86.609,

[2024-10-24 11:22:35] ,3,-5.066,433.367,-10.724,59.986,434.553,-45,

[2024-10-24 11:22:50] ,2,51.945,471.792,4.594,46.804,484.248,-87.421,

[2024-10-24 11:23:06] ,3,46.343,435.739,15.068,0.075,497.628,72.646,

[2024-10-24 11:23:28] ,3,29.734,457.357,57.95,0.997,498.221,-70.891,

[2024-10-24 11:23:43] ,3,5.611,427.896,90,-9.944,455.578,-44.397,

[2024-10-24 11:23:59] ,1,13.256,453.732,-71.241,-3.155,454.457,40.657,

[2024-10-24 11:24:17] ,3,33.82,448.526,-8.07,-10.471,486.226,58.671,

[2024-10-24 11:24:31] ,3,-7.439,455.71,-84.883,16.42,459.994,14.036,

[2024-10-24 11:24:45] ,2,50.165,440.023,-79.695,-7.241,450.701,90,

[2024-10-24 11:25:03] ,3,1.92,435.937,-28.474,-4.407,479.042,66.468,

[2024-10-24 11:25:17] ,3,-7.703,429.28,2.99,35.6,497.166,-45,

[2024-10-24 11:25:31] ,1,31.052,432.444,26.338,1.854,436.267,36.973,

[2024-10-24 11:25:53] ,3,48.65,485.567,52.199,21.627,494.926,-22.195,

[2024-10-24 11:26:08] ,2,29.536,483.787,-23.806,-0.189,489.785,81.215,

[2024-10-24 11:26:22] ,2,13.256,438.573,-23.334,58.997,447.669,-143.746,

[2024-10-24 11:26:40] ,3,15.168,473.703,-17.632,-9.482,493.673,50.741,

[2024-10-24 11:26:56] ,2,-2.562,438.244,60.191,54.977,439.496,-52.619,

[2024-10-24 11:27:18] ,1,22.813,441.737,-56.31,22.813,458.412,34.114,

[2024-10-24 11:27:32] ,2,22.286,432.246,-82.811,-0.782,448.526,7.696,

[2024-10-24 11:27:47] ,1,26.372,489.455,14.036,58.338,499.671,-5.148,

[2024-10-24 11:28:00] ,2,8.313,425.194,111.705,52.472,436.53,174.341,

[2024-10-24 11:28:15] ,1,-3.023,436.596,28.405,9.368,459.269,5.609,

[2024-10-24 11:28:29] ,2,19.847,434.355,42.825,-0.321,488.73,2.064,

[2024-10-24 11:28:43] ,1,47.727,458.807,-3.545,58.602,463.751,18.759,

[2024-10-24 11:28:56] ,1,28.613,435.871,73.843,40.675,447.669,-25.201,

[2024-10-24 11:29:11] ,2,47.925,454.326,172.811,-10.866,492.685,81.215,

[2024-10-24 11:29:26] ,1,39.818,434.685,-13.912,61.568,461.905,-90,

[2024-10-24 11:29:40] ,2,0.8,435.739,-29.554,14.706,469.023,96.116,

[2024-10-24 11:29:57] ,3,53.593,429.873,12.804,13.19,481.612,-69.692,

[2024-10-24 11:30:11] ,1,41.4,458.214,-47.521,33.029,471.726,-48.24,

[2024-10-24 11:30:25] ,2,22.286,468.562,-4.635,28.481,499.671,-141.582,

[2024-10-24 11:30:43] ,2,54.515,450.964,165.466,31.184,485.105,111.038,

[2024-10-24 11:31:05] ,1,8.775,460.06,-58.861,53.988,473.373,47.175,

[2024-10-24 11:31:20] ,1,3.568,469.814,73.35,51.022,480.36,-30.7,

[2024-10-24 11:31:34] ,1,10.29,426.71,53.44,-11.328,465.728,-32.115,

[2024-10-24 11:31:48] ,1,29.075,492.487,-45.725,9.565,498.485,-25.419,

[2024-10-24 11:32:02] ,2,26.043,448.657,-26.338,34.743,461.51,-96.116,

[2024-10-24 11:32:18] ,1,1.063,476.01,75.593,40.872,483.392,76.584,

[2024-10-24 11:32:32] ,2,16.42,447.603,-63.895,41.334,496.705,-110.072,

[2024-10-24 11:32:46] ,2,7.786,446.087,15.03,35.797,492.619,-129.936,

[2024-10-24 11:33:00] ,1,4.952,448.196,39.144,17.804,476.669,-75.593,

[2024-10-24 11:33:22] ,2,32.634,443.385,-117.022,14.377,481.942,-103.416,

[2024-10-24 11:33:36] ,2,20.77,425.523,-170.707,33.293,456.632,175.914,

[2024-10-24 11:33:51] ,3,-9.021,451.887,69.944,26.702,469.88,22.036,

[2024-10-24 11:34:05] ,2,-11.591,457.555,-156.194,54.911,478.976,66.194,

[2024-10-24 11:34:20] ,3,27.361,466.651,23.532,45.09,480.821,-2.968,

[2024-10-24 11:34:35] ,3,35.468,449.448,-68.902,4.886,457.094,87.879,

[2024-10-24 11:34:49] ,3,25.779,464.344,42.923,53.461,499.869,82.349,

[2024-10-24 11:35:03] ,3,-9.614,446.021,-38.991,35.6,470.605,-75.15,

[2024-10-24 11:35:17] ,1,61.238,425.26,-87.917,41.202,455.776,3.039,

[2024-10-24 11:35:32] ,1,57.679,449.251,-90,49.309,467.969,-65.934,

[2024-10-24 11:35:46] ,3,14.311,457.094,-19.37,1.063,477.921,8.973,

[2024-10-24 11:35:59] ,2,61.238,472.846,-87.955,53.922,494.069,-65.513,

[2024-10-24 11:36:23] ,3,11.609,433.894,60.202,-4.341,470.539,-80.189,

[2024-10-24 11:36:48] ,3,34.611,441.605,63.812,57.415,495.189,-2.137,

[2024-10-24 11:37:02] ,2,38.236,440.023,-64.581,39.686,498.814,146.454,

[2024-10-24 11:37:17] ,3,9.697,472.78,-65.521,29.536,490.905,0.849,

[2024-10-24 11:37:31] ,2,58.009,452.546,176.424,7.193,482.535,117.924,

[2024-10-24 11:37:49] ,2,5.611,431.917,-67.141,11.675,475.812,94.594,

[2024-10-24 11:38:04] ,1,24.461,425.194,-41.719,30.986,495.98,-18.435,

[2024-10-24 11:38:21] ,3,-11.525,450.569,-34.641,31.315,485.237,-66.468,

[2024-10-24 11:38:43] ,3,23.868,468.364,-32.05,36.654,488.467,-86.186,

[2024-10-24 11:39:16] ,2,46.343,456.237,36.254,31.447,457.028,169.695,

[2024-10-24 11:39:30] ,1,49.375,468.628,-60.255,56.493,481.678,57.45,

[2024-10-24 11:39:47] ,2,10.027,427.369,8.785,42.981,442.989,-140.128,

[2024-10-24 11:40:01] ,2,14.509,459.005,27.022,14.706,480.689,-20.854,

[2024-10-24 11:40:18] ,2,35.995,427.896,-95.148,14.311,435.607,-133.905,

[2024-10-24 11:40:32] ,2,-11.262,430.532,-42.064,45.156,492.026,-154.581,

[2024-10-24 11:40:46] ,2,58.734,481.151,-171.724,30.722,488.532,-30.7,

[2024-10-24 11:41:02] ,2,24.79,432.378,100.397,48.715,497.826,-75.964,

[2024-10-24 11:41:25] ,3,3.897,436.069,-13.829,18.793,496.639,-25.043,

[2024-10-24 11:41:38] ,1,51.615,435.014,78.69,8.115,446.548,87.444,

[2024-10-24 11:41:53] ,2,40.147,436.86,9.293,31.447,472.055,-82.875,

[2024-10-24 11:42:07] ,3,13.85,434.882,68.749,34.084,459.664,57.724,

[2024-10-24 11:42:21] ,3,-8.098,485.567,-82.293,51.813,491.96,53.13,

[2024-10-24 11:42:35] ,2,31.909,465.662,-113.6,16.618,476.932,175.406,

[2024-10-24 11:42:50] ,1,31.315,466.321,11.211,28.943,482.667,-45.36,

[2024-10-24 11:43:06] ,3,39.884,441.473,-46.193,20.243,444.373,-83.191,

[2024-10-24 11:43:20] ,2,34.94,457.16,41.76,47.331,483.457,-159.624,

[2024-10-24 11:43:35] ,2,55.175,452.151,-175.914,39.554,465.267,140.782,

[2024-10-24 11:43:50] ,2,45.222,427.369,-62.289,57.679,462.762,-19.895,

[2024-10-24 11:44:06] ,2,26.834,445.692,58.861,31.975,489.323,-148.861,

[2024-10-24 11:44:29] ,1,43.64,459.137,-23.398,29.272,480.623,88.986,

[2024-10-24 11:44:43] ,2,44.234,452.019,-118.856,61.897,465.201,-119.745,

[2024-10-24 11:44:59] ,1,49.836,444.703,8.707,-12.448,499.539,47.553,

[2024-10-24 11:45:13] ,3,44.761,428.489,-17.761,5.215,446.878,-5.117,

[2024-10-24 11:45:26] ,3,-10.866,443.912,-28.848,4.227,468.76,-26.375,

[2024-10-24 11:45:40] ,1,27.559,436.069,70.105,5.281,484.38,-55.886,

[2024-10-24 11:45:55] ,1,19.913,425.919,-60.001,56.163,438.705,-1.534,

[2024-10-24 11:46:18] ,1,49.375,432.114,74.476,-6.121,455.907,-42.479,

[2024-10-24 11:46:32] ,1,15.168,432.51,19.242,-10.141,436.662,87.421,

[2024-10-24 11:46:47] ,3,13.125,432.773,71.834,53.659,497.298,16.821,

[2024-10-24 11:47:01] ,3,58.272,470.407,14.959,-0.65,490.576,52.199,

[2024-10-24 11:47:15] ,1,55.24,429.28,-88.452,35.468,437.189,13.912,

[2024-10-24 11:47:29] ,2,-12.184,438.705,156.666,60.25,449.185,-156.4,

[2024-10-24 11:47:46] ,1,-0.914,465.794,-35.77,25.45,485.171,50.782,

[2024-10-24 11:48:00] ,1,29.8,484.182,65.934,60.052,494.332,77.692,

[2024-10-24 11:48:14] ,2,9.038,429.28,146.31,36.72,441.21,162.216,

[2024-10-24 11:50:17] ,1,10.356,438.112,4.122,50.561,468.232,-21.991,

[2024-10-24 11:50:22] ,2,32.37,439.496,30.256,-4.869,453.007,140.782,

[2024-10-24 11:50:37] ,1,53.79,469.682,85.95,37.511,484.973,-58.861,

[2024-10-24 11:50:54] ,1,32.172,425.194,-83.32,8.247,455.907,9.211,

[2024-10-24 11:51:08] ,1,13.85,429.412,27.255,37.84,443.451,30.7,

[2024-10-24 11:51:24] ,3,17.145,461.378,6.759,9.631,489.653,-10.646,

[2024-10-24 11:51:38] ,3,35.204,442.33,-75.861,6.072,485.764,9.392,

[2024-10-24 11:52:02] ,1,26.175,445.56,-21.038,-9.416,449.448,46.801,

[2024-10-24 11:52:16] ,2,41.795,460.06,-51.814,10.95,465.003,53.027,

[2024-10-24 11:52:31] ,3,47.2,447.207,53.383,2.184,472.714,-31.109,

[2024-10-24 11:52:45] ,1,31.975,455.776,-11.211,4.293,489.982,68.962,

[2024-10-24 11:52:59] ,1,25.186,440.617,-58.158,16.156,456.105,0,

[2024-10-24 11:53:14] ,4,-9.153,435.146,-62.049,51.352,495.585,79.192,

[2024-10-24 11:53:26] ,1,-4.275,427.303,-44.635,4.622,471.989,42.852,

[2024-10-24 11:53:39] ,2,-9.35,430.928,-119.105,29.206,441.539,-94.594,

[2024-10-24 11:53:54] ,2,5.611,434.685,168.589,23.538,442.594,-150.001,

[2024-10-24 11:54:09] ,2,59.722,482.535,146.739,-1.771,495.848,-169.603,

[2024-10-24 11:54:26] ,2,6.665,455.446,118.856,5.15,470.473,-57.724,

[2024-10-24 11:54:41] ,1,11.74,477.064,-5.609,38.565,484.644,-33.69,

[2024-10-24 11:54:58] ,2,8.247,438.837,-68.962,10.554,456.303,29.554,

[2024-10-24 11:55:13] ,3,33.49,431.653,-48.614,26.636,486.094,45,

[2024-10-24 11:55:36] ,1,60.513,460.455,3.576,39.884,466.189,-28.61,

[2024-10-24 11:55:50] ,3,43.706,437.057,-25.043,25.384,475.417,89.151,

[2024-10-24 11:56:04] ,2,59.327,430.137,71.075,-7.571,474.889,-108.273,

[2024-10-24 11:56:19] ,1,29.997,461.707,80.372,0.602,486.16,88.977,

[2024-10-24 11:56:35] ,1,59.261,458.939,50.458,-10.471,494.662,84.289,

[2024-10-24 11:56:49] ,3,44.893,432.707,64.39,19.188,435.542,-71.834,

[2024-10-24 11:57:03] ,3,24.922,465.992,-82.77,10.752,489.982,-63.812,

[2024-10-24 11:57:21] ,3,13.718,441.144,-73.179,41.531,471.33,-9.669,

[2024-10-24 11:57:38] ,2,33.293,436.332,-85.914,35.665,491.103,-10.397,

[2024-10-24 11:57:54] ,3,59.195,450.767,-8.973,11.213,479.898,79.354,

[2024-10-24 11:58:08] ,2,27.229,463.487,7.125,56.427,476.273,-86.906,

[2024-10-24 11:58:22] ,3,-8.23,457.423,-39.588,46.804,491.432,-78.44,

[2024-10-24 11:58:44] ,2,37.906,435.278,9.293,58.536,468.496,-48.281,

[2024-10-24 11:58:57] ,1,9.17,468.035,35.952,43.509,484.578,4.594,

[2024-10-24 11:59:11] ,1,9.434,455.182,-79.695,23.67,490.576,55.597,

[2024-10-24 11:59:29] ,3,48.452,448.13,88.303,-3.616,474.56,-64.573,

[2024-10-24 11:59:52] ,1,51.154,436.201,14.036,12.268,441.671,-11.915,

[2024-10-24 12:00:06] ,2,17.54,432.642,-42.447,38.763,455.314,-163.009,

[2024-10-24 12:00:20] ,1,43.97,446.021,16.65,6.534,480.755,-72.216,

[2024-10-24 12:00:36] ,1,12.004,446.087,-29.302,15.234,487.742,-58.861,

[2024-10-24 12:00:51] ,1,44.959,464.607,-2.534,26.636,468.298,24.528,

[2024-10-24 12:01:07] ,2,4.029,450.569,101.31,58.602,488.467,-139.733,

[2024-10-24 12:01:23] ,3,59.59,445.626,-17.632,48.847,486.489,69.296,

[2024-10-24 12:01:41] ,2,58.272,435.871,-29.554,1.327,495.716,-19.411,

[2024-10-24 12:02:19] ,2,39.027,449.58,-172.304,-9.548,453.139,-130.992,

[2024-10-24 12:02:51] ,2,1.129,451.162,110.556,52.34,481.744,60.446,

[2024-10-24 12:03:39] ,2,32.7,442.528,8.785,59.722,458.478,-36.666,

[2024-10-24 12:04:53] ,2,15.827,462.235,-39.218,35.072,490.246,-23.806,

[2024-10-24 12:10:28] ,2,-9.68,434.487,126.254,54.318,451.887,116.338,

[2024-10-24 12:10:42] ,2,47.925,453.601,-169.695,40.345,468.628,-175.406,

[2024-10-24 12:10:56] ,2,34.413,431.126,-120.44,25.977,462.235,-113.6,

[2024-10-24 12:11:10] ,2,59.129,449.712,-59.3,60.909,475.614,16.015,

[2024-10-24 12:11:24] ,2,49.572,472.385,-45,-7.307,485.435,27.711,

[2024-10-24 12:11:38] ,2,19.518,432.971,107.14,13.981,477.46,139.674,

[2024-10-24 12:11:52] ,2,32.106,442.857,33.69,57.745,463.948,-114.955,

[2024-10-24 12:12:06] ,2,25.054,461.18,71.887,8.181,478.317,-171.293,

[2024-10-24 12:12:21] ,2,46.343,435.41,104.534,49.836,463.487,161.727,

[2024-10-24 12:12:36] ,3,15.761,452.744,-45.9,-5.528,456.039,-70.489,

[2024-10-24 12:12:49] ,2,34.347,441.342,-68.009,-9.614,466.98,-69.624,

[2024-10-24 12:13:03] ,2,18.859,437.321,148.158,-9.68,447.735,-161.075,

[2024-10-24 12:13:18] ,2,47.595,454.853,151.837,17.013,463.553,61.837,

[2024-10-24 12:13:32] ,3,22.484,441.869,-27.324,51.286,443.978,71.431,

[2024-10-24 12:13:46] ,3,18.463,428.028,-0.849,-2.496,476.735,19.737,

[2024-10-24 12:14:00] ,2,58.075,436.794,81.215,15.563,439.826,157.341,

[2024-10-24 12:14:16] ,3,37.181,488.796,-26.375,9.038,496.771,8.07,

[2024-10-24 12:14:39] ,3,23.34,426.578,-67.643,43.97,432.18,-73.586,

[2024-10-24 12:15:01] ,2,23.275,464.41,26.565,17.672,489.389,49.343,

[2024-10-24 12:15:15] ,2,48.188,435.41,16.798,26.109,497.76,-96.17,

[2024-10-24 12:15:32] ,3,21.297,457.16,80.676,15.827,478.317,2.121,

[2024-10-24 12:15:47] ,2,36.127,474.164,-87.973,52.406,488.73,101.81,

[2024-10-24 12:16:02] ,3,-4.275,427.171,-68.993,-12.316,488.401,78.024,

[2024-10-24 12:16:26] ,3,17.211,446.68,84.079,-4.341,454.128,4.236,

[2024-10-24 12:16:42] ,3,54.45,478.448,-31.691,60.975,496.903,-2.99,

[2024-10-24 12:17:05] ,3,41.993,451.821,76.273,-2.891,478.251,-68.749,

[2024-10-24 12:17:46] ,2,-10.405,432.246,49.733,0.47,468.562,176.906,

[2024-10-24 12:18:04] ,3,59.986,451.821,11.476,23.472,475.021,-16.821,

[2024-10-24 12:18:58] ,4,31.909,427.567,13.912,52.538,431.917,43.176,

[2024-10-24 12:19:09] ,2,-8.625,471.923,-34.824,24.856,497.298,163.35,

[2024-10-24 12:19:28] ,1,24.922,441.078,-15.03,14.64,470.671,-66.4,

[2024-10-24 12:20:00] ,2,44.102,431.323,14.534,8.313,432.905,-26.105,

[2024-10-24 12:20:14] ,4,-12.909,441.869,51.18,52.538,457.951,11.31,

[2024-10-24 12:20:25] ,4,40.675,446.548,-23.131,1.788,454.853,70.758,

[2024-10-24 12:20:37] ,2,31.645,427.105,-57.171,22.022,444.835,42.101,

[2024-10-24 12:20:50] ,2,2.645,466.453,119.554,48.979,488.467,-107.292,

[2024-10-24 12:21:05] ,2,43.377,432.114,-101.411,3.37,475.153,66.194,

[2024-10-24 12:21:22] ,1,48.254,431.587,-86.906,-4.209,462.103,12.918,

[2024-10-24 12:21:38] ,1,51.022,496.705,83.83,31.777,499.21,30.7,

[2024-10-24 12:22:01] ,2,2.711,426.973,-39.144,-3.748,452.414,147.45,

[2024-10-24 12:22:18] ,4,57.35,442.396,-87.973,21.759,458.412,14.899,

[2024-10-24 12:22:29] ,2,46.672,443.517,-45,12.531,481.942,175.406,

[2024-10-24 12:22:43] ,2,14.904,435.212,-27.255,32.765,451.689,-19.895,

[2024-10-24 12:22:59] ,2,37.511,438.573,-55.176,60.118,445.428,88.968,

[2024-10-24 12:23:15] ,2,34.15,441.342,-90,26.372,498.748,-123.261,

[2024-10-24 12:23:31] ,1,22.286,430.269,13.033,-0.189,484.578,-14.534,

[2024-10-24 12:23:45] ,1,2.777,463.751,-24.74,38.565,496.639,-74.97,

[2024-10-24 12:24:08] ,1,-9.944,426.051,-90,11.675,442.66,-74.476,

[2024-10-24 12:24:22] ,2,-6.648,441.342,81.724,56.625,459.005,-113.334,

[2024-10-24 12:24:37] ,4,-10.932,439.826,-16.157,51.352,498.419,68.962,

[2024-10-24 12:24:48] ,4,-5.132,443.451,140.458,54.581,465.267,103.912,

[2024-10-24 12:24:59] ,2,-0.585,439.167,-154.581,39.356,472.648,65.26,

[2024-10-24 12:25:13] ,2,49.177,434.421,-20.376,46.672,470.539,-34.114,

[2024-10-24 12:25:26] ,2,27.493,441.473,-131.379,54.318,459.467,49.343,

[2024-10-24 12:25:40] ,4,33.095,440.617,10.713,-2.562,450.042,32.55,

[2024-10-24 12:25:51] ,1,40.74,433.103,64.12,7.588,459.532,-47.175,

[2024-10-24 12:26:05] ,1,-8.164,428.951,8.785,5.413,462.235,-5.659,

[2024-10-24 12:26:19] ,1,39.752,435.476,49.008,54.252,476.339,-51.9,

[2024-10-24 12:26:33] ,2,47.134,437.123,-120.256,18.265,459.269,-177.955,

[2024-10-24 12:26:49] ,4,5.875,432.378,-21.038,24.065,437.717,-59.3,

[2024-10-24 12:27:02] ,2,50.759,442.462,-126.973,31.052,443.253,-108.273,

[2024-10-24 12:27:15] ,1,22.747,432.312,27.711,1.722,457.16,-17.292,

[2024-10-24 12:27:37] ,1,31.843,441.276,29.999,10.159,445.56,15.03,

[2024-10-24 12:27:55] ,1,-6.978,451.557,-24.955,8.906,480.557,-70.758,

[2024-10-24 12:28:10] ,1,60.447,470.671,-82.235,40.477,491.432,-48.281,

[2024-10-24 12:28:25] ,2,26.372,489.455,66.869,59.788,499.341,58.325,

[2024-10-24 12:28:38] ,2,48.584,467.112,-138.281,28.02,496.376,104.036,

[2024-10-24 12:28:52] ,1,40.147,438.639,75.964,26.636,472.517,59.56,

[2024-10-24 12:29:06] ,3,59.656,476.076,-63.625,17.211,497.826,2.137,

[2024-10-24 12:29:34] ,2,56.888,452.678,15.524,50.1,487.017,100.905,

[2024-10-24 12:29:50] ,1,17.936,426.117,11.915,24.131,471.726,-44.284,

[2024-10-24 12:30:12] ,1,15.102,450.701,-78.69,45.684,471.923,-60.255,

[2024-10-24 12:30:26] ,2,12.729,472.714,-45.725,28.35,479.569,-36.666,

[2024-10-24 12:30:39] ,1,18.331,425.26,-29.809,51.484,431.653,-6.17,

[2024-10-24 12:31:01] ,2,27.163,427.303,-129.872,54.845,440.485,-158.295,

[2024-10-24 12:31:16] ,1,10.884,428.489,-3.094,54.845,434.223,40.992,

[2024-10-24 12:31:29] ,2,45.42,438.112,35.119,18.134,448.526,-65.26,

[2024-10-24 12:31:44] ,1,-2.957,460.521,51.9,48.979,474.626,-42.479,

[2024-10-24 12:32:00] ,2,29.47,429.61,149.744,2.645,473.505,-23.806,

[2024-10-24 12:32:14] ,2,61.765,476.537,-158.962,18.463,489.587,131.042,

[2024-10-24 12:32:31] ,1,35.072,442.792,3.576,55.372,485.962,78.085,

[2024-10-24 12:32:45] ,2,55.768,429.544,149.036,44.893,460.587,74.476,

[2024-10-24 12:33:00] ,2,27.822,451.623,-147.019,61.765,474.032,-1.042,

[2024-10-24 12:33:14] ,1,28.943,431.653,-38.82,42.718,448.262,58.158,

[2024-10-24 12:33:37] ,1,31.315,448.262,29.999,19.584,494.991,65.726,

[2024-10-24 12:33:51] ,2,33.359,451.294,55.886,51.945,487.082,-51.18,

[2024-10-24 12:34:05] ,3,49.836,433.037,31.329,13.915,434.553,66.297,

[2024-10-24 12:34:19] ,3,15.168,427.896,-1.697,-5.264,430.401,-66.857,

[2024-10-24 12:34:33] ,3,38.565,428.555,82.349,13.059,486.819,-72.239,

[2024-10-24 12:34:48] ,2,3.897,433.103,-65.26,32.172,439.826,12.918,

[2024-10-24 12:35:03] ,2,53.131,457.423,40.992,55.175,478.382,57.45,

[2024-10-24 12:35:17] ,1,-6.319,443.319,-22.463,42.388,463.092,39.936,

[2024-10-24 12:35:33] ,2,26.24,425.194,132.101,59.92,441.21,149.744,

[2024-10-24 12:35:47] ,2,30.92,471.594,73.009,10.027,489.126,-33.261,

[2024-10-24 12:36:01] ,3,40.345,433.894,87.879,17.738,440.353,-72.773,

[2024-10-24 12:36:17] ,3,-9.482,444.703,37.801,22.088,476.603,8.07,

[2024-10-24 12:36:39] ,1,10.093,438.376,73.985,53.461,473.835,-68.484,

[2024-10-24 12:36:54] ,2,58.338,461.51,-80.707,2.25,461.971,-139.343,

[2024-10-24 12:37:08] ,1,59.327,432.048,-39.872,3.04,447.207,-24.955,

[2024-10-24 12:37:22] ,2,30.063,437.057,163.843,60.711,453.996,0,

[2024-10-24 12:37:36] ,1,56.295,446.68,-47.899,45.025,448.723,-44.275,

[2024-10-24 12:37:50] ,3,22.484,447.669,27.324,61.765,482.667,1.283,

[2024-10-24 12:38:03] ,3,54.647,437.519,35.34,45.552,456.896,43.807,

[2024-10-24 12:38:17] ,2,52.868,434.157,-130.657,42.059,462.432,30.7,

[2024-10-24 12:38:31] ,1,-5.725,438.771,-86.424,48.254,449.119,86.906,

[2024-10-24 12:38:46] ,3,61.238,473.571,-35.685,45.354,486.357,72.368,

[2024-10-24 12:39:02] ,3,-5,426.644,-29.055,7.325,454.26,-1.685,

[2024-10-24 12:39:17] ,1,18.068,476.867,-76.088,58.272,486.885,-16.157,

[2024-10-24 12:39:35] ,3,48.847,452.612,-28.848,-2.034,494.201,75.343,

[2024-10-24 12:39:59] ,3,35.072,432.971,52.199,22.022,491.301,-78.44,

[2024-10-24 12:40:13] ,1,61.502,433.696,8.276,22.22,439.562,88.466,

[2024-10-24 12:40:28] ,1,-12.514,428.555,-14.036,53.922,490.246,-73.35,

[2024-10-24 12:40:42] ,3,16.156,447.471,-23.143,5.479,482.667,-28.848,

[2024-10-24 12:40:59] ,1,60.777,471.067,17.14,37.906,493.805,-21.991,

[2024-10-24 12:41:21] ,1,60.975,429.346,-12.529,17.87,455.907,17.628,

[2024-10-24 12:41:35] ,1,17.672,448.789,-26.792,43.509,493.212,-40.657,

[2024-10-24 12:41:49] ,2,-4.934,440.419,130.601,13.85,446.878,128.82,

[2024-10-24 12:42:03] ,2,15.431,443.648,-154.12,-8.032,448.13,81.293,

[2024-10-24 12:42:17] ,2,0.997,456.764,80.707,47.397,490.905,0,

[2024-10-24 12:42:34] ,1,23.802,465.992,-64.799,48.584,498.748,57.885,

[2024-10-24 12:43:05] ,2,-4.605,467.046,-90,37.577,471.132,-60.001,

[2024-10-24 12:43:19] ,2,51.681,445.494,-112.659,59.327,459.994,157.341,

[2024-10-24 12:43:35] ,1,-0.123,462.301,72.372,-6.055,481.678,-52.619,

[2024-10-24 12:43:50] ,1,8.181,461.971,33.261,40.806,481.612,32.276,

[2024-10-24 12:44:05] ,1,8.511,479.701,19.722,52.275,497.232,9.293,

[2024-10-24 12:44:21] ,2,42.784,425.655,-147.45,48.452,484.38,80.2,

[2024-10-24 12:44:44] ,2,5.611,426.907,32.829,40.279,434.157,31.405,

[2024-10-24 12:44:57] ,2,28.086,434.553,-99.888,55.57,466.189,176.906,

[2024-10-24 12:45:12] ,1,15.827,451.887,29.302,-8.889,488.269,-45,

[2024-10-24 12:45:27] ,3,41.465,431.587,15.479,2.513,433.235,-73.996,

[2024-10-24 12:45:41] ,2,45.354,445.098,-135,43.838,483.194,68.484,

[2024-10-24 12:45:56] ,2,17.936,434.553,-108.435,7.588,486.226,-50.458,

[2024-10-24 12:46:10] ,2,-3.287,431.192,72.058,34.875,499.407,173.83,

[2024-10-24 12:46:32] ,4,45.684,453.93,-32.276,22.879,480.228,-60.255,

[2024-10-24 12:46:44] ,2,16.09,430.994,139.343,-7.307,485.105,23.334,

[2024-10-24 12:46:57] ,2,21.429,457.357,114.74,7.127,496.046,-58.595,

[2024-10-24 12:47:11] ,2,24.263,425.457,27.255,55.504,443.121,-140.782,

[2024-10-24 12:47:25] ,3,17.145,475.812,78.524,36.259,482.864,-0.849,

[2024-10-24 12:47:39] ,2,47.2,455.578,-123.69,59.788,491.169,-143.746,

[2024-10-24 12:47:53] ,2,22.352,456.764,-92.045,25.581,474.56,173.379,

[2024-10-24 12:48:08] ,3,27.954,437.321,-67.805,9.368,490.114,34.399,

[2024-10-24 12:48:25] ,2,59.459,444.242,98.202,15.497,486.357,17.628,

[2024-10-24 12:48:48] ,2,47.925,457.687,2.045,33.886,466.387,-170.2,

[2024-10-24 12:49:03] ,2,25.45,469.155,-22.463,41.004,479.173,-64.581,

[2024-10-24 12:49:17] ,1,-2.1,444.901,-78.589,42.125,470.012,-9.211,

[2024-10-24 12:49:31] ,3,57.481,448.657,-84.5,27.756,484.117,-3.786,

[2024-10-24 12:49:45] ,1,44.497,467.837,-37.073,52.868,483.392,-55.465,

[2024-10-24 12:50:03] ,2,8.775,445.164,-15.524,43.047,451.492,-92.045,

[2024-10-24 12:50:17] ,2,49.045,472.121,-97.696,14.575,492.882,114.274,

[2024-10-24 12:50:33] ,3,1.722,448.987,-31.329,21.956,476.471,57.95,

[2024-10-24 12:50:47] ,1,30.393,430.532,-52.306,36.588,478.712,41.042,

[2024-10-24 12:51:03] ,3,19.979,456.171,88.303,-2.43,461.048,39.914,

[2024-10-24 12:51:17] ,3,30.393,437.914,81.511,11.081,481.217,-61.356,

[2024-10-24 12:51:33] ,3,60.909,462.63,-65.136,0.734,467.837,-56.547,

[2024-10-24 12:51:47] ,1,47.331,436.662,-73.843,38.829,476.076,-82.372,

[2024-10-24 12:52:05] ,3,17.738,464.739,-7.23,-0.057,488.005,25.427,

[2024-10-24 12:52:26] ,1,-10.998,476.932,9.293,7.918,477.46,31.574,

[2024-10-24 12:52:41] ,3,-3.484,446.614,44.397,24.461,492.223,71.834,

[2024-10-24 12:52:56] ,1,41.927,439.957,-88.452,25.318,451.755,-4.594,

[2024-10-24 12:53:12] ,1,37.511,485.896,-74.476,18.397,493.278,-45.725,

[2024-10-24 12:53:28] ,1,40.213,453.601,35.242,-11.13,456.039,-27.711,

[2024-10-24 12:53:43] ,3,47.331,439.628,59.255,3.831,499.605,-59.255,

[2024-10-24 12:53:59] ,2,31.513,459.862,-103.912,48.781,475.812,54.462,

[2024-10-24 12:54:15] ,1,6.072,454.128,-35.242,45.354,458.017,47.899,

[2024-10-24 12:54:38] ,2,38.697,479.371,-65.26,20.309,481.876,-107.14,

[2024-10-24 12:54:52] ,1,28.811,458.346,-31.139,-10.537,472.648,-45,

[2024-10-24 12:55:06] ,1,47.925,481.546,21.038,-3.023,485.039,-0.516,

[2024-10-24 12:55:28] ,2,38.5,452.612,118.163,35.797,468.298,123.83,

[2024-10-24 12:55:42] ,2,33.095,431.851,-115.419,13.059,463.751,-139.674,

[2024-10-24 12:55:58] ,1,53,434.685,-6.68,41.334,488.467,-71.727,

[2024-10-24 12:56:12] ,1,47.265,430.928,16.504,1.063,441.276,2.579,

[2024-10-24 12:56:26] ,3,21.297,432.707,-84.92,47.859,475.219,-54.315,

[2024-10-24 12:56:44] ,2,48.188,445.692,-51.499,-9.878,487.61,-90,

[2024-10-24 12:57:01] ,1,-5.594,432.312,62.507,-0.453,460.917,-43.919,

[2024-10-24 12:57:17] ,1,-6.78,463.092,26.565,30.393,482.205,23.334,

[2024-10-24 12:57:31] ,2,3.765,438.046,132.825,61.568,444.307,132.101,

[2024-10-24 12:57:53] ,2,12.861,466.98,-159.146,40.477,475.878,-168.19,

[2024-10-24 12:58:09] ,2,52.934,484.578,31.139,18.002,498.946,-81.724,

[2024-10-24 12:58:24] ,2,-12.382,435.476,24.955,13.85,478.448,29.554,

[2024-10-24 12:58:39] ,2,43.377,443.912,35.538,25.713,477.526,70.589,

[2024-10-24 12:59:01] ,2,36.72,425.128,127.694,-9.153,434.223,-143.746,

[2024-10-24 12:59:16] ,2,7.522,434.289,24.955,-11.459,450.503,161.565,

[2024-10-24 12:59:30] ,2,-4.341,464.607,-47.899,-11.196,481.282,128.012,

[2024-10-24 12:59:53] ,2,10.093,467.837,-83.884,-12.514,471.001,-35.838,

[2024-10-24 13:00:06] ,2,42.915,436.267,73.985,14.179,459.269,-71.241,

[2024-10-24 13:00:23] ,4,61.568,445.757,1.548,-11.394,456.435,-66.194,

[2024-10-24 13:00:43] ,2,31.843,454.326,-38.82,-3.221,484.512,155.513,

[2024-10-24 13:01:05] ,3,15.761,431.389,-27.699,21.89,460.587,23.364,

[2024-10-24 13:01:18] ,3,-4.737,442.792,59.255,6.27,470.21,-63.812,

[2024-10-24 13:01:33] ,3,-1.244,482.798,-79.771,59.788,484.051,-2.564,

[2024-10-24 13:01:48] ,2,35.929,463.817,-34.535,20.77,491.037,-98.276,

[2024-10-24 13:02:04] ,3,39.027,445.56,81.093,47.727,492.553,-20.308,

[2024-10-24 13:02:20] ,3,6.006,439.628,31.109,27.822,483.985,49.17,

[2024-10-24 13:02:35] ,3,20.572,471.528,61.152,-8.559,490.378,-38.66,

[2024-10-24 13:02:51] ,2,38.302,434.685,135.365,10.159,435.739,-153.667,

[2024-10-24 13:03:10] ,3,52.538,426.117,2.99,49.902,492.421,-89.151,

[2024-10-24 13:03:32] ,3,29.668,439.892,-37.465,55.175,459.203,-8.07,

[2024-10-24 13:03:47] ,3,21.627,483.655,-51.274,52.34,487.742,-50.741,

[2024-10-24 13:04:01] ,2,37.05,489.257,-83.32,-1.375,493.937,-133.531,

[2024-10-24 13:04:27] ,3,53.461,425.853,7.23,31.513,454.457,27.504,

[2024-10-24 13:04:42] ,3,-12.646,464.871,9.811,-6.45,484.578,66.857,

[2024-10-24 13:04:56] ,1,36.325,436.201,-1.023,13.652,448.064,-39.936,

[2024-10-24 13:05:09] ,1,-3.616,432.971,68.484,53.922,455.578,28.405,

[2024-10-24 13:05:34] ,3,0.734,442.989,5.541,-8.494,461.707,87.455,

[2024-10-24 13:05:52] ,2,52.011,433.169,124.824,47.859,455.38,-53.637,

[2024-10-24 13:07:18] ,1,34.15,460.192,68.199,9.5,475.614,80.789,

[2024-10-24 13:07:21] ,2,35.402,427.039,164.338,53.988,437.98,-80.2,

[2024-10-24 13:07:35] ,2,47.068,428.951,150.191,19.781,429.676,-34.695,

[2024-10-24 13:07:51] ,2,0.404,432.378,-35.838,-11.196,489.06,175.323,

[2024-10-24 13:08:14] ,2,36.061,475.614,-69.326,-3.221,495.453,-41.719,

[2024-10-24 13:08:28] ,2,56.559,442.528,-36.666,32.831,458.28,50.782,

[2024-10-24 13:08:42] ,1,56.163,435.739,21.705,15.761,436.728,76.464,

[2024-10-24 13:08:56] ,3,-7.241,442.462,76.686,22.352,479.042,-17.103,

[2024-10-24 13:09:11] ,4,11.543,436.267,-25.419,42.388,499.407,19.895,

[2024-10-24 13:09:22] ,1,55.9,456.435,-20.376,46.936,498.485,55.886,

[2024-10-24 13:09:35] ,2,9.895,432.51,-104.664,-11.064,465.926,16.157,

[2024-10-24 13:09:50] ,4,-5.791,450.239,-46.45,61.04,499.473,79.603,

[2024-10-24 13:10:02] ,2,30.788,430.598,80.2,45.156,469.089,4.05,

[2024-10-24 13:10:15] ,2,31.118,431.455,79.603,11.543,463.553,34.535,

[2024-10-24 13:11:53] ,2,-1.837,429.412,41.332,31.513,431.917,82.304,

[2024-10-24 13:11:56] ,2,31.447,432.114,83.774,42.52,463.355,167.692,

[2024-10-24 13:12:10] ,2,-9.021,459.071,35.119,58.338,477.921,16.65,

[2024-10-24 13:12:23] ,2,39.62,470.012,-177.973,7.127,488.994,-146.739,

[2024-10-24 13:12:38] ,2,33.688,490.312,-46.095,51.813,498.221,123.261,

[2024-10-24 13:12:52] ,2,59.722,445.296,51.18,21.297,482.271,51.103,

[2024-10-24 13:13:06] ,2,-1.375,458.939,47.553,39.95,473.373,-80.789,

[2024-10-24 13:13:22] ,1,53.461,447.669,41.379,29.734,482.007,-53.334,

[2024-10-24 13:13:38] ,2,-11.262,462.037,149.744,15.3,465.201,69.146,

[2024-10-24 13:14:01] ,1,35.731,449.053,23.6,50.034,449.712,79.192,

[2024-10-24 13:14:15] ,3,17.277,436.201,14.55,-6.714,454.985,18.705,

[2024-10-24 13:14:28] ,2,45.552,428.292,80.707,38.631,476.076,43.55,

[2024-10-24 13:14:42] ,1,48.056,429.742,-44.275,5.413,488.796,16.015,

[2024-10-24 13:14:58] ,1,39.29,426.314,6.74,48.32,444.307,-6.17,

[2024-10-24 13:15:12] ,1,36.588,434.421,-43.176,60.909,481.876,-85.365,

[2024-10-24 13:15:27] ,1,60.579,445.955,68.009,43.245,455.182,-47.521,

[2024-10-24 13:15:41] ,2,61.502,454.392,-26.565,45.354,470.869,41.76,

[2024-10-24 13:15:55] ,1,32.963,433.564,-73.35,61.568,469.748,-77.082,

[2024-10-24 13:16:09] ,3,-11.394,442.462,-80.608,60.777,443.912,-75.041,

[2024-10-24 13:16:23] ,2,-9.68,482.337,139.399,11.806,490.971,-180,

[2024-10-24 13:16:38] ,1,30.986,427.501,28.405,-2.694,460.785,-66.194,

[2024-10-24 13:16:53] ,3,-9.153,428.687,-31.109,49.902,437.585,15.887,

[2024-10-24 13:17:08] ,2,2.447,476.735,3.094,-2.957,489.719,-77.692,

[2024-10-24 13:17:22] ,2,10.422,493.212,-148.158,36.786,496.771,83.32,

[2024-10-24 13:17:37] ,1,20.77,452.678,34.249,18.397,493.476,68.484,

[2024-10-24 13:17:50] ,3,8.906,425.787,-26.565,6.204,463.223,21.801,

[2024-10-24 13:18:07] ,3,57.02,469.155,36.529,20.968,471.33,53.383,

[2024-10-24 13:18:30] ,3,18.463,459.137,-62.301,-2.694,476.471,-74.634,

[2024-10-24 13:18:44] ,3,54.252,425.26,60.781,1.92,435.08,81.448,

[2024-10-24 13:18:57] ,4,-10.273,459.73,-40.657,21.89,469.946,-61.39,

[2024-10-24 13:19:11] ,1,45.09,466.255,4.594,56.822,487.544,11.915,

[2024-10-24 13:19:23] ,1,24.461,442.33,-66.194,46.277,497.957,40.657,

[2024-10-24 13:19:38] ,3,-10.405,438.639,54.067,30.92,439.43,83.14,

[2024-10-24 13:19:53] ,1,22.418,430.005,67.816,4.886,482.798,-54.462,

[2024-10-24 13:20:08] ,3,-2.232,441.935,-51.009,-12.448,482.205,24.656,

[2024-10-24 13:20:23] ,2,43.706,441.737,-83.884,48.188,467.639,-48.24,

[2024-10-24 13:20:37] ,2,61.765,432.971,4.122,-8.428,482.93,68.295,

[2024-10-24 13:20:50] ,1,61.7,431.653,4.635,26.438,494.332,-26.565,

[2024-10-24 13:21:04] ,2,-4.671,449.91,-21.038,49.968,452.085,-155.045,

[2024-10-24 13:21:20] ,1,24.263,444.769,14.036,7.39,456.962,5.659,

[2024-10-24 13:21:43] ,2,59.656,432.114,168.486,38.895,435.673,-78.589,

[2024-10-24 13:21:58] ,2,-5.33,448.13,-139.733,31.447,483.392,-124.824,

[2024-10-24 13:22:13] ,4,-5.264,442.923,-45.365,-9.021,463.685,88.466,

[2024-10-24 13:22:25] ,3,25.252,440.023,22.426,56.163,459.269,46.5,

[2024-10-24 13:22:37] ,3,56.559,480.557,55.251,16.947,487.214,66.468,

[2024-10-24 13:22:55] ,2,25.977,433.828,-33.546,44.629,451.755,-73.496,

[2024-10-24 13:23:14] ,1,0.272,428.094,42.101,46.211,444.571,22.184,

[2024-10-24 13:23:35] ,1,29.668,438.969,6.74,-0.189,461.378,-79.695,

[2024-10-24 13:23:50] ,1,60.711,464.146,55.176,31.315,469.946,62.526,

[2024-10-24 13:24:23] ,3,59.59,470.342,11.889,34.875,470.407,45.9,

[2024-10-24 13:24:41] ,1,25.845,430.928,-73.35,-3.814,432.246,-46.824,

[2024-10-24 13:27:32] ,1,-9.087,457.885,-27.255,29.602,492.882,-12.308,

[2024-10-24 13:27:35] ,1,37.643,452.546,83.884,-5.725,455.314,68.962,

[2024-10-24 13:27:48] ,1,2.843,465.728,26.565,36.39,494.728,10.808,

[2024-10-24 13:28:02] ,2,50.693,448.064,92.045,55.306,482.798,-3.094,

[2024-10-24 13:28:25] ,1,46.277,463.421,-72.86,15.695,485.171,32.705,

[2024-10-24 13:28:41] ,1,12.202,449.448,25.419,-6.978,487.346,23.806,

[2024-10-24 13:28:57] ,2,51.022,425.523,-174.289,31.052,434.487,102.529,

[2024-10-24 13:29:21] ,1,29.009,476.998,45.716,-0.123,483.589,-20.376,

[2024-10-24 13:29:35] ,2,44.629,436.596,-2.045,30.327,462.103,-147.295,

[2024-10-24 13:29:50] ,2,52.011,444.967,110.556,-7.175,490.839,-130.992,

[2024-10-24 13:30:05] ,2,22.088,465.728,44.275,2.052,488.401,104.534,

[2024-10-24 13:31:14] ,3,5.018,429.017,31.691,2.315,451.162,-48.296,

[2024-10-24 13:31:16] ,2,46.409,437.387,165.964,49.045,453.93,-45,

[2024-10-24 13:31:30] ,2,57.086,430.005,-32.981,38.5,482.403,-59.56,

[2024-10-24 13:31:44] ,3,0.14,431.982,10.229,54.384,439.232,50.412,

[2024-10-24 13:31:57] ,3,-9.746,433.828,26.375,44.365,484.973,69.146,

[2024-10-24 13:32:12] ,2,37.84,479.898,-140.782,53.988,485.632,9.293,

[2024-10-24 13:32:26] ,1,47.727,443.451,-51.18,-11.657,456.698,-33.69,

[2024-10-24 13:32:44] ,1,46.672,430.862,-75.101,12.202,446.482,14.534,

[2024-10-24 13:32:58] ,3,16.618,462.894,-39.644,43.575,477.394,-24.687,

[2024-10-24 13:33:12] ,2,27.295,436.201,-95.148,-10.932,457.555,-125.119,

[2024-10-24 13:33:26] ,4,16.486,456.698,-66.4,41.07,497.496,-17.475,

[2024-10-24 13:33:38] ,3,36.72,446.812,-74.634,45.222,484.776,6.34,

[2024-10-24 13:33:51] ,2,20.704,425.457,-173.32,11.213,450.503,45,

[2024-10-24 13:34:06] ,2,27.163,463.619,-63.662,61.568,493.607,-116.333,

[2024-10-24 13:34:23] ,3,51.55,445.692,-30.165,-2.562,490.246,-78.024,

[2024-10-24 13:34:45] ,1,-4.737,446.482,-18.273,34.347,452.744,-51.103,

[2024-10-24 13:35:00] ,4,21.627,458.61,20.2,61.634,462.96,-101.31,

[2024-10-24 13:35:12] ,2,43.179,425.655,-45.725,36.984,457.094,-147.724,

[2024-10-24 13:35:25] ,3,21.363,429.807,-1.273,-0.585,438.046,-5.964,

[2024-10-24 13:35:38] ,1,54.779,425.062,0,39.356,482.337,73.496,

[2024-10-24 13:35:54] ,1,32.765,444.176,-8.202,41.004,477.723,-0.512,

[2024-10-24 13:36:08] ,2,37.115,431.257,-19.895,59.063,436.332,-162.708,

[2024-10-24 13:36:23] ,3,48.781,464.146,18.034,1.327,483.457,5.5,

[2024-10-24 13:36:38] ,1,2.513,441.21,-88.968,40.411,477.789,32.276,

[2024-10-24 13:36:56] ,2,46.738,444.505,-180,42.652,477.13,47.553,

[2024-10-24 13:37:11] ,3,-0.585,480.162,39.914,45.354,494.728,-1.697,

[2024-10-24 13:37:26] ,3,53.856,492.487,18.97,18.529,493.739,88.303,

[2024-10-24 13:37:43] ,1,9.631,446.021,-27.255,57.811,484.248,27.711,

[2024-10-24 13:38:06] ,1,44.827,435.805,70.105,31.909,453.535,-75.101,

[2024-10-24 13:38:20] ,2,40.609,442.989,-11.915,54.779,444.242,142.927,

[2024-10-24 13:38:35] ,1,52.934,442.462,0,33.359,450.305,66.869,

[2024-10-24 13:38:49] ,2,8.643,449.251,177.955,3.04,464.542,90,

[2024-10-24 13:39:03] ,3,-5.462,485.105,30.379,36.325,485.698,90,

[2024-10-24 13:39:17] ,3,44.827,462.828,86.214,16.947,483.194,-8.907,

[2024-10-24 13:39:32] ,2,37.445,441.605,143.334,49.44,474.889,-39.218,

[2024-10-24 13:39:49] ,1,58.009,445.098,76.088,24.725,497.694,-8.202,

[2024-10-24 13:40:04] ,2,32.37,479.964,-115.201,14.377,486.753,-118.163,

[2024-10-24 13:40:21] ,1,54.384,456.237,-18.759,7.259,487.214,-34.403,

[2024-10-24 13:40:38] ,3,-7.966,440.419,-32.989,8.115,450.173,-74.521,

[2024-10-24 13:41:02] ,1,52.209,426.973,18.273,32.502,456.962,-64.341,

[2024-10-24 13:41:16] ,1,36.259,431.257,33.261,-5.264,437.98,-29.554,

[2024-10-24 13:41:38] ,1,55.24,430.532,17.292,27.031,431.06,-9.8,

[2024-10-24 13:41:52] ,1,46.606,483.853,-65.26,24.856,491.366,-33.69,

[2024-10-24 13:42:06] ,2,1.195,492.355,-20.556,32.502,496.837,120.256,

[2024-10-24 13:42:22] ,2,-7.505,434.882,3.641,42.322,483.721,-126.973,

[2024-10-24 13:42:36] ,1,40.279,475.878,-3.066,58.734,498.419,-49.399,

[2024-10-24 13:42:58] ,2,32.04,443.385,-144.462,6.534,449.91,-163.202,

[2024-10-24 13:43:12] ,2,-7.505,445.955,90,39.95,456.567,99.713,

[2024-10-24 13:43:25] ,2,51.813,436.926,105.164,22.418,488.203,-137.899,

[2024-10-24 13:43:42] ,1,34.084,442.66,-11.31,14.047,451.294,-73.985,

[2024-10-24 13:43:56] ,3,25.054,473.11,27.13,20.44,494.728,-68.749,

[2024-10-24 13:44:10] ,2,2.381,444.439,50.782,18.134,467.837,0,

[2024-10-24 13:44:27] ,2,41.597,438.903,70.758,53.659,461.576,-20.376,

[2024-10-24 13:44:41] ,3,23.209,457.687,-77.609,5.611,472.78,-14.85,

[2024-10-24 13:44:58] ,3,24.527,451.36,-11.889,44.497,496.441,-46.809,

[2024-10-24 13:45:20] ,3,0.075,462.696,8.489,13.586,481.744,-79.354,

[2024-10-24 13:45:36] ,3,1.788,437.848,67.413,20.836,443.582,23.364,

[2024-10-24 13:45:50] ,3,50.231,478.844,1.273,41.07,495.387,-63.435,

[2024-10-24 13:46:21] ,2,-0.716,467.442,111.991,17.211,490.378,-103.536,

[2024-10-24 13:46:36] ,3,18.2,483.919,-70.63,33.82,491.235,48.296,

[2024-10-24 13:46:50] ,2,5.611,464.476,-158.199,38.104,473.967,-127.786,

[2024-10-24 13:47:06] ,3,34.875,435.476,-15.068,8.643,435.805,-16.294,

[2024-10-24 13:47:21] ,2,23.736,458.742,24.74,23.604,476.01,-81.798,

[2024-10-24 13:47:38] ,3,61.963,485.435,-42.589,41.4,491.235,8.011,

[2024-10-24 13:47:52] ,2,18.661,439.562,136.824,11.213,453.535,-168.085,

[2024-10-24 13:48:08] ,2,34.413,475.878,-98.202,49.77,487.148,-150.895,

[2024-10-24 13:48:24] ,2,41.465,429.61,-54.583,61.106,478.251,72.216,

[2024-10-24 13:48:46] ,2,4.886,451.426,-75.101,24.988,481.678,75.466,

[2024-10-24 13:49:00] ,3,6.402,461.444,-2.946,-2.496,491.828,-69.544,

[2024-10-24 13:49:14] ,2,31.579,452.348,-163.35,-3.55,482.535,68.295,

[2024-10-24 13:49:38] ,2,37.115,432.048,111.516,40.015,454.062,-106.015,

[2024-10-24 13:49:52] ,2,53.856,457.489,171.798,20.77,495.848,-87.444,

[2024-10-24 13:50:07] ,2,26.438,448.723,-4.086,24.527,482.864,-61.39,

[2024-10-24 13:50:20] ,2,8.181,445.823,168.19,57.152,489.191,-57.45,

[2024-10-24 13:50:35] ,2,39.884,466.057,-114.74,-12.778,470.21,-109.895,

[2024-10-24 13:50:50] ,2,20.045,426.644,-95.659,15.959,438.771,45,

[2024-10-24 13:51:04] ,1,40.74,459.071,-65.472,29.404,493.476,24.955,

[2024-10-24 13:51:22] ,3,-8.889,476.801,-51.605,50.034,496.244,-15.887,

[2024-10-24 13:51:35] ,3,-2.825,453.667,-33.808,1.722,489.06,0.849,

[2024-10-24 13:51:59] ,4,5.677,436.201,-82.811,30.59,453.996,57.724,

[2024-10-24 13:52:11] ,2,29.338,448.46,97.125,27.097,463.157,-9.211,

[2024-10-24 13:52:26] ,3,61.436,463.948,-44.403,16.815,481.942,53.973,

[2024-10-24 13:52:40] ,1,49.836,425.26,80.623,14.047,458.807,-43.919,

[2024-10-24 13:53:03] ,1,1.59,440.748,-52.214,53.329,454.853,-5.148,

[2024-10-24 13:53:17] ,2,51.022,435.344,-7.696,54.779,459.401,-87.955,

[2024-10-24 13:53:33] ,1,11.543,430.467,-15.662,-9.944,436.794,-15.662,

[2024-10-24 13:53:47] ,1,-10.471,428.951,-5.194,43.113,440.023,20.556,

[2024-10-24 13:54:01] ,4,42.322,452.81,19.242,-9.284,462.894,-53.334,

[2024-10-24 13:54:12] ,1,45.09,445.428,76.584,60.711,458.807,-49.008,

[2024-10-24 13:54:26] ,1,-10.669,466.848,-17.14,8.577,471.396,-24.74,

[2024-10-24 13:54:40] ,1,9.631,480.426,84.341,57.086,489.719,34.403,

[2024-10-24 13:54:55] ,2,61.304,443.253,-106.157,61.7,486.16,-65.513,

[2024-10-24 13:55:09] ,1,7.918,458.148,-77.082,60.513,495.585,-79.095,

[2024-10-24 13:55:23] ,2,1.788,448.262,-32.276,16.881,461.839,110.376,

[2024-10-24 13:55:41] ,1,23.604,486.885,-80.287,58.536,491.564,17.292,

[2024-10-24 13:56:03] ,1,-12.514,467.771,28.163,8.643,482.601,-19.722,

[2024-10-24 13:56:18] ,1,27.559,464.805,83.938,1.59,468.298,-32.705,

[2024-10-24 13:56:36] ,3,35.204,433.169,-78.44,20.309,450.701,-76.165,

[2024-10-24 13:56:50] ,1,31.447,451.426,29.999,36.39,491.103,-56.739,

[2024-10-24 13:57:04] ,3,21.363,436.332,-21.007,28.943,462.696,-31.109,

[2024-10-24 13:57:17] ,1,-3.814,457.951,15.03,16.881,481.48,85.446,

[2024-10-24 13:57:32] ,3,14.245,437.782,-18.034,54.054,476.998,6.34,

[2024-10-24 13:57:45] ,3,2.381,430.071,-35.933,12.465,466.057,83.241,

[2024-10-24 13:58:00] ,2,45.75,476.207,162.86,40.213,499.671,-114.955,

[2024-10-24 13:58:15] ,1,28.481,444.373,4.594,47.134,468.035,-1.014,

[2024-10-24 13:58:29] ,2,15.431,466.189,9.713,46.804,485.435,-22.659,

[2024-10-24 13:58:44] ,1,54.384,466.519,85.914,45.947,479.701,-70.278,

[2024-10-24 13:59:00] ,1,-8.889,434.355,7.253,50.297,485.962,50.458,

[2024-10-24 13:59:16] ,3,2.381,427.171,41.386,22.55,455.907,86.186,

[2024-10-24 13:59:30] ,3,3.436,466.453,22.195,19.913,483.128,-5.921,

[2024-10-24 13:59:43] ,1,50.429,448.13,38.82,35.534,456.303,9.211,

[2024-10-24 13:59:57] ,3,41.795,434.948,-14.139,12.729,499.869,29.219,

[2024-10-24 14:00:14] ,2,4.095,449.053,76.088,-11.196,499.276,-73.843,

[2024-10-24 14:00:37] ,1,8.115,443.055,-37.694,6.995,499.737,-67.816,

[2024-10-24 14:00:53] ,2,29.206,440.221,142.619,37.775,459.071,-137.521,

[2024-10-24 14:01:08] ,2,61.37,427.039,107.292,20.704,467.573,6.621,

[2024-10-24 14:01:22] ,3,-6.582,485.435,65.136,60.975,485.896,-11.143,

[2024-10-24 14:01:38] ,3,-8.889,445.626,-39.259,32.7,490.905,-14.55,

[2024-10-24 14:02:00] ,2,0.338,454.655,-114.274,15.431,483.062,-143.027,

[2024-10-24 14:02:16] ,2,-6.319,468.628,151.595,17.672,494.662,164.836,

[2024-10-24 14:02:33] ,3,46.936,431.653,-57.137,47.463,494.201,-48.894,

[2024-10-24 14:02:55] ,1,26.57,429.017,41.719,19.65,461.18,15.876,

[2024-10-24 14:03:09] ,2,31.909,426.512,83.32,-0.98,458.676,130.992,

[2024-10-24 14:03:23] ,1,15.102,445.164,2.045,34.281,477.789,59.56,

[2024-10-24 14:03:37] ,2,46.409,435.014,60.895,24.593,480.162,-67.537,

[2024-10-24 14:03:52] ,2,55.702,426.051,-95.194,50.297,438.573,-55.176,

[2024-10-24 14:04:05] ,1,7.39,440.155,-87.936,21.825,451.492,28.856,

[2024-10-24 14:04:20] ,1,0.075,480.36,-72.216,24.527,489.719,-28.405,

[2024-10-24 14:04:36] ,2,13.784,456.303,-93.576,-6.846,497.364,156.194,

[2024-10-24 14:04:59] ,1,19.056,429.478,56.592,60.645,449.778,15.03,

[2024-10-24 14:05:13] ,1,-11.921,469.221,80.2,25.647,471.923,64.799,

[2024-10-24 14:05:27] ,1,30.986,445.56,-10.808,9.236,464.344,83.32,

[2024-10-24 14:05:42] ,2,23.406,474.494,-69.8,3.304,489.257,-132.101,

[2024-10-24 14:06:04] ,1,51.418,464.278,47.521,13.388,469.88,-11.211,

[2024-10-24 14:06:18] ,1,56.756,470.012,-86.424,30.525,485.632,-15.524,

[2024-10-24 14:06:33] ,1,20.045,431.521,16.157,-11.789,442.726,-78.19,

[2024-10-24 14:06:47] ,1,55.702,459.796,-87.955,36.456,475.548,-87.444,

[2024-10-24 14:07:02] ,2,48.584,426.842,-82.747,61.897,465.201,39.936,

[2024-10-24 14:07:15] ,1,37.379,447.867,10.214,-2.166,449.91,-51.499,

[2024-10-24 14:07:29] ,2,1.722,451.821,-136.45,17.936,456.83,-113.6,

[2024-10-24 14:07:43] ,2,28.811,476.01,93.066,47.529,490.114,62.049,

[2024-10-24 14:07:58] ,4,-12.58,448.592,67.068,0.404,459.203,18.435,

[2024-10-24 14:08:10] ,1,12.004,436.003,-35.538,36.39,459.532,21.516,

[2024-10-24 14:08:22] ,3,27.822,449.251,52.457,-12.975,491.762,-7.23,

[2024-10-24 14:08:39] ,1,14.64,464.014,65.934,58.14,472.978,12.804,

[2024-10-24 14:08:53] ,1,7.72,457.687,50.064,32.238,478.185,48.24,

[2024-10-24 14:09:15] ,1,-3.155,429.28,-47.899,44.497,434.948,26.796,

[2024-10-24 14:09:32] ,3,-12.58,474.823,-85.732,10.884,487.478,66.468,

[2024-10-24 14:09:55] ,1,49.045,492.751,-90,22.879,497.364,-86.934,

[2024-10-24 14:10:09] ,3,27.559,426.38,-42.589,18.925,454.919,-29.954,

[2024-10-24 14:10:24] ,2,11.609,437.057,27.255,53.922,455.117,-107.14,

[2024-10-24 14:11:05] ,3,53.725,435.607,-16.699,32.04,486.028,0.849,

[2024-10-24 14:11:18] ,3,5.545,429.412,42.589,56.69,445.296,5.08,

[2024-10-24 14:11:32] ,3,20.638,481.612,38.726,39.159,499.605,66.08,

[2024-10-24 14:11:49] ,2,30.722,448.723,-70.105,28.415,491.894,-81.215,

[2024-10-24 14:12:03] ,3,29.272,434.092,-74.113,43.575,460.389,-8.07,

[2024-10-24 14:12:19] ,2,-0.585,430.994,5.148,51.154,453.139,-50.782,

[2024-10-24 14:12:33] ,3,1.459,478.514,53.13,28.086,492.157,25.626,

[2024-10-24 14:12:47] ,3,-2.166,433.037,-24.656,28.877,442.528,15.366,

[2024-10-24 14:13:02] ,1,-8.296,427.962,45,34.743,470.935,-45.36,

[2024-10-24 14:13:20] ,3,-9.614,488.335,-64.006,11.543,488.664,18.97,

[2024-10-24 14:13:38] ,4,31.579,461.246,150.255,33.622,485.105,109.895,

[2024-10-24 14:13:58] ,2,-12.909,440.88,157.341,3.963,465.596,-161.727,

[2024-10-24 14:14:13] ,3,0.14,426.38,37.801,16.222,483.655,71.431,

[2024-10-24 14:14:35] ,2,46.079,445.889,35.119,55.504,454.326,-67.341,

[2024-10-24 14:14:49] ,1,-4.078,458.676,11.915,45.025,499.276,44.635,

[2024-10-24 14:15:03] ,2,37.445,425.853,-34.695,53.329,427.237,72.216,

[2024-10-24 14:15:18] ,2,56.163,447.339,45,14.904,455.907,16.157,

[2024-10-24 14:15:31] ,1,38.038,430.335,71.727,55.702,491.301,-57.45,

[2024-10-24 14:15:46] ,2,6.468,465.728,35.242,44.563,480.492,-128.82,

[2024-10-24 14:16:00] ,3,35.072,433.301,66.08,5.94,488.664,19.911,

[2024-10-24 14:16:18] ,2,49.243,444.835,148.595,3.436,484.644,45,

[2024-10-24 14:16:40] ,1,24.461,428.951,-58.861,27.559,452.81,-4.594,

[2024-10-24 14:16:55] ,1,17.343,429.742,9.293,44.102,441.342,39.936,

[2024-10-24 14:17:09] ,1,45.42,431.851,83.884,14.904,437.782,47.521,

[2024-10-24 14:17:23] ,1,1.59,438.376,17.14,16.156,463.751,62.526,

[2024-10-24 14:17:38] ,1,18.002,438.046,-36.254,61.172,455.051,-48.958,

[2024-10-24 14:17:52] ,1,8.577,429.478,-73.35,26.109,471.132,-75.593,

[2024-10-24 14:18:06] ,2,-12.25,443.121,85.365,36.852,455.182,-164.476,

[2024-10-24 14:18:21] ,1,4.754,442.462,17.14,42.85,496.837,71.075,

[2024-10-24 14:18:35] ,1,-2.628,474.164,21.516,35.006,484.973,55.176,

[2024-10-24 14:18:49] ,3,55.438,464.014,58.891,49.704,485.039,45,

[2024-10-24 14:19:05] ,2,6.072,429.742,34.403,-6.253,450.964,23.334,

[2024-10-24 14:19:22] ,4,43.047,425.853,-4.122,31.777,430.335,19.411,

[2024-10-24 14:19:33] ,2,38.829,443.319,-120.256,24.395,450.305,-22.463,

[2024-10-24 14:19:46] ,2,50.1,450.569,-106.65,22.879,484.248,3.094,

[2024-10-24 14:19:59] ,2,8.115,429.676,57.885,48.913,464.344,-8.707,

[2024-10-24 14:20:21] ,1,20.44,433.696,-21.516,46.079,445.494,-39.611,

[2024-10-24 14:20:35] ,1,-11.064,476.603,-71.887,48.452,497.891,33.977,

[2024-10-24 14:20:49] ,2,52.934,454.853,-1.032,38.302,484.776,-17.628,

[2024-10-24 14:21:02] ,1,9.829,435.805,21.991,5.281,456.369,18.273,

[2024-10-24 14:21:17] ,1,-11.855,427.435,26.333,1.986,435.937,15.03,

[2024-10-24 14:21:31] ,1,6.929,462.762,-29.999,35.731,464.08,-34.951,

[2024-10-24 14:21:46] ,1,19.254,468.694,-76.088,38.829,495.98,-29.999,

[2024-10-24 14:22:00] ,2,48.979,455.314,33.408,1.129,455.512,174.852,

[2024-10-24 14:22:14] ,2,8.115,440.617,-27.711,53.197,474.164,26.565,

[2024-10-24 14:22:28] ,4,22.154,439.167,20.376,-9.746,461.971,-28.163,

[2024-10-24 14:22:40] ,1,30.129,450.173,6.116,41.334,451.096,2.045,

[2024-10-24 14:22:53] ,1,16.486,442.923,39.542,55.834,474.889,37.381,

[2024-10-24 14:23:08] ,2,29.272,469.682,-105.388,33.49,485.764,133.919,

[2024-10-24 14:23:31] ,2,35.863,452.348,-121.842,20.375,463.223,178.977,

[2024-10-24 14:23:48] ,3,-12.053,468.167,-76.273,-4.539,493.344,-48.935,

[2024-10-24 14:24:03] ,4,56.559,461.378,53.231,40.872,480.821,-67.73,

[2024-10-24 14:24:19] ,3,13.52,451.887,37.208,22.945,489.323,21.801,

[2024-10-24 14:24:40] ,1,53.329,475.021,-57.019,27.031,488.203,-35.538,

[2024-10-24 14:24:54] ,1,38.763,478.317,-57.295,61.568,479.239,55.886,

[2024-10-24 14:25:09] ,2,23.67,435.871,-129.542,60.579,451.755,126.254,

[2024-10-24 14:25:24] ,1,0.865,440.485,68.484,54.186,471.792,16.015,

[2024-10-24 14:25:39] ,2,45.486,428.028,27.022,41.268,492.816,-177.421,

[2024-10-24 14:25:54] ,3,26.043,450.964,86.634,47.2,485.896,-51.274,

[2024-10-24 14:26:08] ,3,50.956,427.962,89.138,5.611,431.192,17.354,

[2024-10-24 14:26:22] ,1,51.747,429.807,79.192,12.795,433.037,-90,

[2024-10-24 14:26:38] ,2,32.634,445.23,8.202,26.57,469.814,110.674,

[2024-10-24 14:26:52] ,3,5.677,426.117,-16.821,59.656,447.867,86.609,

[2024-10-24 14:27:15] ,1,35.27,444.637,6.116,61.502,469.682,-11.31,

[2024-10-24 14:27:29] ,1,6.204,441.012,82.304,45.552,472.978,55.176,

[2024-10-24 14:27:43] ,3,-2.43,443.253,-9.739,37.972,454.919,29.014,

[2024-10-24 14:27:57] ,2,47.595,464.937,-11.81,47.595,481.744,45,

[2024-10-24 14:28:13] ,1,38.17,440.287,-28.856,54.779,445.626,-19.895,

[2024-10-24 14:28:26] ,3,12.729,470.539,63.625,-11.328,497.826,65.136,

[2024-10-24 14:28:40] ,1,42.52,466.848,24.066,15.365,488.005,41.379,

[2024-10-24 14:28:54] ,2,33.293,426.314,-98.276,-3.55,447.142,15.03,

[2024-10-24 14:29:08] ,3,18.595,427.698,-3.814,44.234,482.337,60.781,

[2024-10-24 14:29:22] ,2,42.059,449.514,19.242,55.57,478.119,21.038,

[2024-10-24 14:29:35] ,1,47.99,483.26,-81.798,-0.848,498.023,8.276,

[2024-10-24 14:29:51] ,1,44.695,447.471,-8.707,46.013,484.776,35.538,

[2024-10-24 14:30:09] ,1,58.47,450.635,86.424,34.743,488.796,53.746,

[2024-10-24 14:30:23] ,3,23.67,464.344,-69.296,-7.9,485.105,-77.609,

[2024-10-24 14:30:46] ,1,17.87,465.728,70.278,39.752,470.342,11.31,

[2024-10-24 14:31:00] ,2,60.843,447.405,-132.825,-5.198,454.523,-105.524,

[2024-10-24 14:31:14] ,1,45.156,429.676,-1.032,-12.053,470.935,-53.334,

[2024-10-24 14:31:28] ,2,4.227,445.428,97.189,-10.207,452.744,113.806,

[2024-10-24 14:31:42] ,1,60.843,439.298,47.553,41.202,446.351,88.977,

[2024-10-24 14:31:58] ,2,2.909,450.042,-36.666,48.715,478.185,175.95,

[2024-10-24 14:32:12] ,3,8.643,432.51,-11.143,59.129,489.455,40.786,

[2024-10-24 14:32:26] ,1,30.459,431.653,-58.158,-10.339,474.757,6.17,

[2024-10-24 14:32:43] ,3,53.395,427.501,-34.399,-8.955,454.194,82.716,

[2024-10-24 14:33:10] ,2,15.761,433.63,-174.852,30.788,478.778,0,

[2024-10-24 14:33:26] ,2,44.563,425.985,163.843,-10.339,446.219,-131.379,

[2024-10-24 14:33:41] ,1,35.336,425.787,-8.785,-8.032,490.18,-87.421,

[2024-10-24 14:33:58] ,2,-5.132,429.148,-57.609,20.045,447.339,112.659,

[2024-10-24 14:34:13] ,1,-2.562,444.044,-21.224,61.897,455.512,71.727,

[2024-10-24 14:34:27] ,3,53.856,454.392,74.521,34.084,484.776,-64.754,

[2024-10-24 14:34:51] ,2,36.588,439.957,-6.17,60.711,444.176,93.576,

[2024-10-24 14:35:15] ,2,-5.198,466.782,68.962,3.37,499.605,131.379,

[2024-10-24 14:35:32] ,2,57.547,426.842,73.202,51.945,455.314,-113.131,

[2024-10-24 14:35:48] ,1,49.111,431.126,89.479,-1.969,434.948,-5.659,

[2024-10-24 14:36:29] ,2,18.463,425.919,125.119,34.809,474.889,-86.455,

[2024-10-24 14:36:43] ,1,-1.639,465.069,-62.526,41.07,496.507,27.711,

[2024-10-24 14:36:57] ,3,6.336,437.321,-48.614,55.043,467.573,66.468,

[2024-10-24 14:37:15] ,1,23.143,450.635,67.537,6.731,491.366,29.554,

[2024-10-24 14:37:40] ,1,21.693,454.589,-21.801,53.856,486.292,32.55,

[2024-10-24 14:37:54] ,3,7.39,454.589,-75.861,7.325,484.314,-46.193,

[2024-10-24 14:38:08] ,1,58.536,471.528,72.372,46.475,495.98,-72.708,

[2024-10-24 14:38:23] ,3,20.243,448.13,8.907,5.413,493.344,-16.004,

[2024-10-24 14:38:39] ,1,42.652,443.846,50.064,1.59,486.885,29.554,

[2024-10-24 14:38:53] ,2,41.597,439.167,-11.411,37.906,462.301,0,

[2024-10-24 14:39:06] ,1,33.095,459.071,-23.6,22.352,488.598,-44.635,

[2024-10-24 14:39:20] ,2,59.722,432.576,136.45,49.704,456.567,137.899,

[2024-10-24 14:39:46] ,3,-4.671,445.164,-1.685,-10.603,490.971,-51.34,

[2024-10-24 14:39:59] ,3,-12.316,461.18,12.391,57.613,485.632,-42.901,

[2024-10-24 14:40:15] ,3,-2.891,433.96,49.538,22.813,444.242,33.219,

[2024-10-24 14:40:28] ,3,-0.453,473.703,60.986,43.113,492.421,44.403,

[2024-10-24 14:40:42] ,1,60.052,450.107,43.919,33.886,486.16,4.594,

[2024-10-24 14:40:56] ,1,36.193,459.796,-58.861,57.284,478.91,-41.379,

[2024-10-24 14:41:10] ,3,-5.396,432.312,65.908,31.843,499.078,-57.724,

[2024-10-24 14:41:25] ,2,48.056,442.33,148.595,16.42,473.11,-65.726,

[2024-10-24 14:41:43] ,3,-9.548,452.48,89.138,39.422,494.794,-43.21,

[2024-10-24 14:42:06] ,3,14.64,426.512,6.435,61.634,496.112,-54.413,

[2024-10-24 14:42:19] ,2,15.036,439.76,-70.105,-12.382,464.871,38.418,

[2024-10-24 14:42:34] ,1,-9.812,489.257,-40.267,14.706,499.078,-68.962,

[2024-10-24 14:42:49] ,1,55.702,434.026,49.008,60.184,488.137,-44.275,

[2024-10-24 14:43:04] ,1,59.525,426.907,14.664,55.702,483.919,-14.534,

[2024-10-24 14:43:26] ,1,3.436,485.896,11.81,31.777,494.86,-51.18,

[2024-10-24 14:43:42] ,1,24.263,443.253,-50.782,52.802,472.121,-17.628,

[2024-10-24 14:43:56] ,3,59.327,438.507,-82.716,25.45,490.048,56.427,

[2024-10-24 14:44:12] ,1,42.059,462.367,50.782,2.579,491.63,-43.919,

[2024-10-24 14:44:30] ,2,31.909,435.739,-132.101,41.927,491.762,-133.55,

[2024-10-24 14:44:52] ,1,-6.582,433.828,40.992,18.727,452.942,65.934,

[2024-10-24 14:45:08] ,2,53.527,438.244,-143.027,11.411,441.737,53.746,

[2024-10-24 14:45:25] ,2,-10.141,462.564,51.18,32.831,468.826,-23.6,

[2024-10-24 14:45:47] ,2,-6.055,458.478,-46.081,26.109,464.607,81.293,

[2024-10-24 14:46:01] ,3,52.802,470.276,58.671,61.765,493.476,7.23,

[2024-10-24 14:46:17] ,1,22.154,488.994,72.86,3.04,489.389,19.411,

[2024-10-24 14:46:35] ,2,54.45,476.867,54.462,3.238,486.094,31.405,

[2024-10-24 14:46:56] ,1,14.64,463.882,-59.123,61.963,480.36,73.35,

[2024-10-24 14:47:11] ,2,20.111,446.548,32.276,18.661,462.498,100.808,

[2024-10-24 14:47:33] ,2,24.263,430.796,127.381,56.559,462.103,82.304,

[2024-10-24 14:47:49] ,2,27.756,443.385,71.727,55.438,469.155,165.466,

[2024-10-24 14:48:03] ,2,22.22,425.392,147.45,18.595,472.714,-160.758,

[2024-10-24 14:48:17] ,3,-2.232,428.621,-73.996,19.518,447.273,-83.706,

[2024-10-24 14:48:35] ,1,12.004,428.226,16.157,42.454,444.176,36.363,

[2024-10-24 14:48:50] ,2,7.259,428.357,160.589,58.536,471.989,-49.343,

[2024-10-24 14:49:05] ,2,23.604,471.792,-80.789,6.534,484.182,114.274,

[2024-10-24 14:49:27] ,2,47.068,463.223,-93.094,-4.144,491.366,-47.553,

[2024-10-24 14:49:42] ,1,49.572,472.714,-61.39,55.636,487.61,-81.798,

[2024-10-24 14:49:56] ,3,-6.384,444.242,6.809,-2.759,483.589,22.195,

[2024-10-24 14:50:10] ,2,55.372,483.457,169.287,32.238,491.696,163.496,

[2024-10-24 14:50:24] ,3,20.243,442.462,-70.089,-8.362,498.287,-21.961,

[2024-10-24 14:50:41] ,3,15.036,443.978,-75.964,0.734,452.612,-79.771,

[2024-10-24 14:50:56] ,1,33.425,438.442,-50.064,3.634,493.607,4.122,

[2024-10-24 14:51:12] ,3,41.795,426.051,17.227,-5.396,445.823,-61.152,

[2024-10-24 14:51:30] ,2,53.79,435.871,170.112,57.481,455.38,66.4,

[2024-10-24 14:51:52] ,1,42.388,432.51,31.139,23.934,434.817,7.189,

[2024-10-24 14:52:06] ,3,7.918,434.092,43.516,53.856,442.792,26.188,

[2024-10-24 14:52:20] ,3,-11.13,473.703,-6.387,41.334,473.703,-83.241,

[2024-10-24 14:52:37] ,2,56.163,472.648,-135,37.906,476.932,-91.023,

[2024-10-24 14:52:51] ,3,60.909,430.796,24.479,4.886,480.096,-47.698,

[2024-10-24 14:53:06] ,3,-7.505,437.519,40.51,-2.694,499.21,-89.145,

[2024-10-24 14:53:29] ,1,54.977,434.355,81.798,51.022,459.664,-38.897,

[2024-10-24 14:53:44] ,1,7.522,473.967,-55.886,60.118,481.612,73.843,

[2024-10-24 14:53:59] ,3,0.009,436.464,53.13,9.631,458.214,-27.13,

[2024-10-24 14:54:13] ,1,-7.109,443.517,-84.341,50.1,470.342,-79.786,

[2024-10-24 14:54:31] ,2,52.406,457.819,-170.707,14.904,492.026,129.218,

[2024-10-24 14:54:56] ,1,34.743,431.851,44.275,55.636,457.094,-66.4,

[2024-10-24 14:55:10] ,1,0.536,471.001,81.798,31.513,476.735,-32.705,

[2024-10-24 14:55:25] ,3,48.913,438.244,-8.13,16.09,478.91,-81.93,

[2024-10-24 14:55:39] ,1,43.377,434.092,80.789,37.181,485.962,-20.376,

[2024-10-24 14:55:53] ,2,14.113,456.303,101.915,51.352,489.521,152.289,

[2024-10-24 14:56:07] ,1,18.99,429.807,1.548,-0.057,438.178,75.466,

[2024-10-24 14:56:25] ,1,33.161,440.089,12.417,3.568,479.371,52.214,

[2024-10-24 14:56:39] ,2,19.781,460.785,122.705,5.084,487.28,-40.267,

[2024-10-24 14:56:56] ,1,24.988,432.773,10.305,46.343,444.967,-24.066,

[2024-10-24 14:57:10] ,3,10.95,427.171,-17.892,19.188,486.687,60.781,

[2024-10-24 14:57:26] ,1,45.75,461.444,85.446,43.97,477.657,-65.26,

[2024-10-24 14:58:01] ,1,38.631,440.089,0.516,36.522,475.351,-80.789,

[2024-10-24 14:58:15] ,2,60.843,466.782,11.31,56.427,487.807,65.985,

[2024-10-24 14:58:29] ,2,56.559,474.626,-40.657,-8.23,491.762,-168.589,

[2024-10-24 14:58:47] ,1,7.786,439.035,6.68,-5.857,477.13,78.19,

[2024-10-24 14:59:00] ,3,33.227,465.53,-44.403,54.12,478.119,-35.34,

[2024-10-24 14:59:16] ,4,22.55,439.232,-63.662,50.297,462.63,-12.417,

[2024-10-24 14:59:27] ,1,23.934,430.401,66.666,59.92,459.269,84.898,

[2024-10-24 14:59:48] ,2,9.368,432.971,-11.915,-10.273,449.185,-109.411,

[2024-10-24 15:00:02] ,1,32.568,468.167,-63.208,-7.966,477.592,-57.45,

[2024-10-24 15:00:16] ,2,49.704,474.428,115.419,-3.419,477.328,-96.17,

[2024-10-24 15:00:30] ,2,7.456,475.417,-16.65,14.838,488.862,53.334,

[2024-10-24 15:00:44] ,2,21.363,462.762,-39.218,27.361,483.655,-58.861,

[2024-10-24 15:01:05] ,2,21.165,431.982,124.824,55.57,453.798,-9.211,

[2024-10-24 15:01:19] ,2,34.018,450.635,55.886,8.313,461.51,164.97,

[2024-10-24 15:01:33] ,2,52.406,429.544,3.094,32.436,458.807,-28.163,

[2024-10-24 15:01:49] ,2,50.1,432.51,-14.036,50.89,457.094,108.113,

[2024-10-24 15:02:03] ,2,48.913,431.719,-117.711,27.427,466.98,-94.554,

[2024-10-24 15:02:16] ,3,-11.789,426.578,-80.676,-1.31,477.921,-51.009,

[2024-10-24 15:02:30] ,2,58.997,440.353,-154.581,47.529,475.021,-55.597,

[2024-10-24 15:02:46] ,3,55.438,468.035,9.739,37.84,493.41,37.465,

[2024-10-24 15:02:59] ,3,-5.264,450.767,60.202,61.897,451.623,-69.146,

[2024-10-24 15:03:24] ,2,27.559,461.707,71.887,50.165,473.044,150.001,

[2024-10-24 15:03:38] ,3,-4.605,442.923,-42.901,3.238,462.235,8.07,

[2024-10-24 15:03:51] ,3,30.986,425.457,-20.308,-4.671,496.507,28.848,

[2024-10-24 15:04:09] ,3,-9.944,437.98,68.199,10.488,447.867,14.036,

[2024-10-24 15:04:26] ,2,32.831,442.66,-15.03,48.122,459.928,60.001,

[2024-10-24 15:04:40] ,3,4.556,448.921,-6.387,58.8,497.035,13.314,

[2024-10-24 15:05:01] ,2,-0.387,461.18,-173.32,53.395,483.787,-162.708,

[2024-10-24 15:05:25] ,3,8.247,441.078,19.767,49.902,443.846,-33.453,

[2024-10-24 15:05:39] ,3,-7.373,471.792,-33.219,13.256,480.36,89.157,

[2024-10-24 15:06:01] ,4,41.531,432.312,34.114,6.006,442.989,-59.3,

[2024-10-24 15:06:15] ,3,14.904,473.835,-34.749,44.629,494.003,-39.259,

[2024-10-24 15:06:27] ,3,12.531,429.939,-38.991,29.009,462.037,72.496,

[2024-10-24 15:06:43] ,1,-10.669,451.426,-33.261,29.206,479.042,18.759,

[2024-10-24 15:07:36] ,2,16.552,430.73,-38.82,54.713,478.514,73.35,

[2024-10-24 15:09:23] ,1,42.586,442.857,-40.657,-8.032,452.217,-69.624,

[2024-10-24 15:09:26] ,4,26.109,466.321,-10.713,42.85,472.582,23.398,

[2024-10-24 15:09:36] ,1,46.54,449.448,-52.214,20.638,449.976,-6.062,

[2024-10-24 15:09:49] ,1,-12.778,446.021,-58.158,39.225,466.123,-38.501,

[2024-10-24 15:10:04] ,4,44.365,448.13,-65.26,7.522,466.585,64.12,

[2024-10-24 15:10:16] ,2,32.765,445.362,118.405,16.222,497.298,-158.295,

[2024-10-24 15:10:30] ,3,21.825,434.421,68.199,31.447,468.76,-85.795,

[2024-10-24 15:10:53] ,1,9.961,457.357,-7.189,-3.484,499.671,3.094,

[2024-10-24 15:11:15] ,2,4.82,472.714,-135.725,49.111,496.573,9.293,

[2024-10-24 15:11:29] ,1,20.638,458.017,-71.089,32.502,467.507,6.062,

[2024-10-24 15:11:43] ,1,53.527,442.001,-60.001,36.654,474.164,-36.666,

[2024-10-24 15:11:59] ,1,44.497,437.585,73.009,13.915,469.617,-12.2,

[2024-10-24 15:12:14] ,1,10.884,469.221,75.231,37.511,484.314,-86.934,

[2024-10-24 15:12:29] ,1,-12.448,477.921,-74.97,61.634,490.773,5.102,

[2024-10-24 15:12:44] ,3,47.595,430.862,34.749,-11.328,440.814,-10.229,

[2024-10-24 15:12:58] ,2,54.911,480.03,-168.589,22.681,494.398,-135,

[2024-10-24 15:13:13] ,1,-6.187,443.121,73.843,38.368,481.085,-39.218,

[2024-10-24 15:13:27] ,2,11.74,476.207,27.255,48.122,477.46,178.466,

[2024-10-24 15:13:43] ,3,43.509,437.651,-47.698,-2.891,448.921,46.79,

[2024-10-24 15:13:59] ,2,24.065,441.276,167.583,-7.834,445.823,115.641,

[2024-10-24 15:14:13] ,2,-0.782,448.064,-15.03,51.681,453.337,-44.64,

[2024-10-24 15:14:30] ,2,60.711,470.21,21.038,51.55,492.355,-14.036,

[2024-10-24 15:14:51] ,2,5.94,437.519,-117.711,41.136,479.173,119.999,

[2024-10-24 15:15:06] ,2,49.968,447.076,24.955,35.797,457.621,82.372,

[2024-10-24 15:15:19] ,2,-10.998,447.471,-124.403,39.356,475.153,-156.869,

[2024-10-24 15:15:36] ,3,37.972,443.385,-88.727,-11.13,454.062,-38.062,

[2024-10-24 15:15:50] ,1,14.443,466.387,60.255,32.765,474.757,-56.17,

[2024-10-24 15:16:05] ,3,53.461,436.069,18.166,-9.878,456.698,-16.004,

[2024-10-24 15:16:20] ,2,52.406,438.112,-75.964,42.125,467.639,6.17,

[2024-10-24 15:16:34] ,3,44.234,426.38,27.699,12.4,461.246,-48.894,

[2024-10-24 15:16:48] ,3,45.684,473.637,37.208,4.952,477.328,0,

[2024-10-24 15:17:10] ,2,-6.846,452.48,-119.554,11.477,462.696,-3.576,

[2024-10-24 15:17:25] ,1,-0.189,464.739,88.466,33.82,465.596,77.692,

[2024-10-24 15:17:39] ,1,61.106,483.457,27.711,-3.089,494.332,34.824,

[2024-10-24 15:17:53] ,1,25.845,432.576,-78.085,54.581,485.435,82.304,

[2024-10-24 15:18:16] ,2,34.611,447.537,-60.255,22.22,462.301,77.692,

[2024-10-24 15:18:30] ,1,18.727,433.828,54.048,35.797,480.426,-68.484,

[2024-10-24 15:18:44] ,2,-10.603,429.61,-68.962,9.961,487.544,-171.798,

[2024-10-24 15:18:58] ,3,10.686,427.962,79.354,9.5,470.671,73.179,

[2024-10-24 15:19:13] ,1,41.202,448.657,8.202,55.965,478.251,-2.045,

[2024-10-24 15:19:28] ,1,19.715,466.123,-5.102,33.688,470.473,-90,

[2024-10-24 15:19:46] ,3,24.856,426.051,18.97,25.252,458.742,-68.356,

[2024-10-24 15:20:02] ,3,52.538,467.046,-45,39.159,490.839,34.749,

[2024-10-24 15:20:18] ,1,50.825,430.269,81.724,0.14,487.082,-28.405,

[2024-10-24 15:20:40] ,2,56.427,447.932,-77.583,0.206,465.069,37.694,

[2024-10-24 15:20:57] ,1,9.434,425.523,84.806,33.82,469.023,82.875,

[2024-10-24 15:21:13] ,3,12.531,440.023,-51.938,61.963,457.555,66.08,

[2024-10-24 15:21:36] ,2,-11.789,464.937,100.305,54.779,492.685,41.719,

[2024-10-24 15:22:05] ,1,-7.571,450.371,-57.019,6.797,452.612,2.064,

[2024-10-24 15:22:20] ,2,41.136,453.271,-61.837,-1.244,473.242,21.038,

[2024-10-24 15:22:33] ,1,-8.362,426.182,81.724,47.661,446.285,29.999,

[2024-10-24 15:22:47] ,1,17.211,427.237,-90,32.04,432.971,-19.411,

[2024-10-24 15:23:02] ,2,54.384,448.723,94.086,13.981,468.76,-41.76,

[2024-10-24 15:23:18] ,1,1.195,429.346,-54.881,34.875,433.96,-38.501,

[2024-10-24 15:23:33] ,1,12.861,451.228,-72.216,19.518,487.346,-31.574,

[2024-10-24 15:23:49] ,1,37.181,446.548,-45,-12.184,458.082,-81.724,

[2024-10-24 15:24:12] ,1,1.525,449.712,-18.925,54.581,453.205,3.576,

[2024-10-24 15:24:27] ,1,39.554,436.596,77.583,42.784,488.928,-14.534,

[2024-10-24 15:24:50] ,1,40.872,436.53,43.55,16.354,453.93,80.287,

[2024-10-24 15:25:04] ,1,26.043,458.214,-33.408,-1.771,488.928,59.744,

[2024-10-24 15:25:18] ,1,33.886,488.137,32.981,1.129,498.551,83.774,

[2024-10-24 15:25:42] ,1,19.32,475.087,-90,21.1,499.539,12.918,

[2024-10-24 15:26:00] ,1,-6.121,445.23,43.919,27.625,462.564,85.914,

[2024-10-24 15:26:17] ,1,57.943,428.226,18.925,-7.439,442.528,-45.725,

[2024-10-24 15:26:33] ,2,11.147,427.896,66.666,50.89,479.371,42.101,

[2024-10-24 15:27:06] ,1,-10.932,459.796,-65.934,13.652,471.66,83.884,

[2024-10-24 15:27:21] ,2,-0.057,470.078,-120.256,59.92,485.237,21.991,

[2024-10-24 15:27:36] ,1,13.454,426.182,-35.838,59.656,490.51,-32.55,

[2024-10-24 15:27:50] ,3,0.8,428.555,1.697,35.006,492.816,31.915,

[2024-10-24 15:28:06] ,2,-1.771,439.232,16.798,23.011,474.362,33.69,

[2024-10-24 15:28:19] ,1,-6.78,478.053,11.411,49.77,482.798,-32.276,

[2024-10-24 15:28:41] ,2,36.193,439.496,-132.825,17.936,464.937,-167.196,

[2024-10-24 15:28:55] ,2,47.331,441.935,135,-12.975,458.939,144.881,

[2024-10-24 15:29:11] ,2,-3.748,472.121,65.26,12.795,481.81,-107.628,

[2024-10-24 15:29:33] ,2,24.395,442.66,140.458,39.422,456.237,146.17,

[2024-10-24 15:29:47] ,2,59.722,442.528,101.411,30.459,471.66,-141.9,

[2024-10-24 15:30:02] ,3,-4.407,430.598,-64.39,21.429,438.837,3.366,

[2024-10-24 15:30:16] ,2,3.04,429.017,-16.157,46.013,432.576,-56.739,

[2024-10-24 15:30:29] ,2,39.686,444.11,-90,56.822,458.346,16.015,

[2024-10-24 15:30:43] ,1,16.552,453.205,88.977,-8.296,472.714,32.115,

[2024-10-24 15:31:00] ,2,30.854,435.607,-67.341,43.904,497.826,-28.652,

[2024-10-24 15:31:22] ,2,58.075,473.176,128.1,56.427,499.671,-21.705,

[2024-10-24 15:31:36] ,2,34.611,438.31,-97.125,-5.33,470.342,-129.144,

[2024-10-24 15:31:49] ,2,38.104,463.092,63.662,37.972,489.455,-158.484,

[2024-10-24 15:32:03] ,2,30.59,479.767,-60.945,46.277,482.535,4.635,

[2024-10-24 15:32:17] ,2,-0.65,463.289,-98.707,46.013,486.226,-173.32,

[2024-10-24 15:32:30] ,3,31.645,477.592,-66.08,6.995,477.855,11.061,

[2024-10-24 15:32:44] ,1,4.952,452.744,7.189,-6.187,461.905,7.765,

[2024-10-24 15:32:58] ,2,56.427,483.721,-42.797,8.906,491.301,-97.125,

[2024-10-24 15:33:12] ,3,-2.1,443.912,-42.589,-6.978,466.651,-64.191,

[2024-10-24 15:33:27] ,2,24.131,452.348,96.68,32.172,484.38,145.886,

[2024-10-24 15:33:43] ,3,-5.857,432.246,45,19.584,433.169,-79.695,

[2024-10-24 15:34:00] ,3,44.365,430.532,26.565,38.631,486.753,72.368,

[2024-10-24 15:34:17] ,1,-11.657,428.226,-32.829,-8.625,481.085,-85.406,

[2024-10-24 15:34:40] ,3,1.722,431.323,1.697,12.4,483.128,-80.261,

[2024-10-24 15:34:54] ,3,23.077,478.844,-89.576,-0.387,487.017,-57.137,

[2024-10-24 15:35:08] ,3,-1.705,456.237,-17.227,-10.669,479.305,-67.643,

[2024-10-24 15:35:31] ,1,4.82,454.919,15.524,21.034,471.726,-12.2,

[2024-10-24 15:35:45] ,1,8.775,474.494,-45.36,37.05,485.435,71.887,

[2024-10-24 15:35:59] ,2,21.429,427.369,-111.038,58.668,430.005,90,

[2024-10-24 15:36:14] ,3,56.888,443.978,60.781,1.195,475.548,-69.692,

[2024-10-24 15:36:29] ,1,57.152,449.119,57.45,41.531,468.957,21.329,

[2024-10-24 15:36:43] ,2,52.011,429.742,93.122,15.959,436.992,27.022,

[2024-10-24 15:36:57] ,2,39.027,430.664,23.806,15.431,459.005,4.594,

[2024-10-24 15:37:10] ,3,19.254,463.751,0.849,57.481,473.176,14.139,

[2024-10-24 15:37:23] ,2,47.595,437.123,-82.811,55.834,448.526,-80.2,

[2024-10-24 15:37:37] ,2,46.343,463.948,-73.985,56.625,493.871,-31.405,

[2024-10-24 15:37:50] ,2,41.861,450.042,-14.534,-5.198,458.28,41.719,

[2024-10-24 15:38:03] ,2,12.729,434.026,-141.18,17.409,468.232,173.379,

[2024-10-24 15:38:21] ,1,-11.789,439.167,-63.895,7.522,475.482,-72.372,

[2024-10-24 15:38:35] ,3,55.9,471.66,-44.1,41.861,498.089,-6.387,

[2024-10-24 15:38:57] ,2,21.825,433.169,-13.536,54.515,474.757,2.064,

[2024-10-24 15:39:11] ,2,20.111,475.219,-174.898,36.325,487.346,-6.116,

[2024-10-24 15:39:24] ,1,46.672,448.328,47.521,-4.012,487.807,19.895,

[2024-10-24 15:39:40] ,1,-0.123,461.707,68.671,30.063,499.737,-45.365,

[2024-10-24 15:39:54] ,2,52.209,458.939,-162.86,53.79,476.735,-167.082,

[2024-10-24 15:40:08] ,1,57.02,433.828,39.144,36.654,490.246,38.1,

[2024-10-24 15:40:22] ,2,-2.364,431.982,-157.141,53.856,459.335,1.032,

[2024-10-24 15:40:36] ,3,26.636,453.601,30.892,-1.441,489.126,49.814,

[2024-10-24 15:40:54] ,1,-4.605,437.189,12.918,26.372,476.669,-31.574,

[2024-10-24 15:41:08] ,2,18.925,461.378,34.824,18.99,476.405,99.211,

[2024-10-24 15:41:30] ,3,33.886,427.039,-42.589,6.138,466.717,-54.904,

[2024-10-24 15:41:44] ,1,12.268,473.439,-30.44,4.82,494.266,32.276,

[2024-10-24 15:41:58] ,1,52.472,435.739,72.86,25.647,499.012,66.194,

[2024-10-24 15:42:12] ,1,42.652,433.103,9.211,13.322,460.917,30.44,

[2024-10-24 15:42:25] ,2,-3.023,454.721,-173.32,60.975,495.782,27.951,

[2024-10-24 15:42:40] ,2,39.356,438.376,142.619,36.061,472.517,46.801,

[2024-10-24 15:42:53] ,1,24.263,432.51,-2.556,-2.034,457.885,-53.334,

[2024-10-24 15:43:07] ,4,39.225,429.148,1.032,27.69,456.369,-9.628,

[2024-10-24 15:43:18] ,2,-3.155,461.905,-125.119,46.277,463.685,129.218,

[2024-10-24 15:43:31] ,1,54.054,440.221,-84.341,50.956,461.707,39.611,

[2024-10-24 15:43:47] ,2,24.922,469.551,19.242,60.25,480.557,-159.624,

[2024-10-24 15:44:09] ,2,22.813,495.123,141.9,1.393,495.98,-112.859,

[2024-10-24 15:44:24] ,1,21.561,478.119,56.592,-0.519,479.701,-66.869,

[2024-10-24 15:44:37] ,1,38.895,471.792,-63.662,38.961,493.673,-26.565,

[2024-10-24 15:44:54] ,3,15.761,449.317,90,23.604,495.782,19.911,

[2024-10-24 15:45:17] ,1,52.67,439.76,8.276,59.261,474.362,78.19,

[2024-10-24 15:45:33] ,3,19.452,453.732,-24.305,13.322,491.037,-40.51,

[2024-10-24 15:45:47] ,2,-10.009,430.598,129.872,-7.769,465.267,-102.918,

[2024-10-24 15:46:03] ,1,17.606,426.71,-80.707,38.895,428.885,-70.589,

[2024-10-24 15:46:17] ,3,-1.375,471.198,35.685,34.479,484.248,45.9,

[2024-10-24 15:46:32] ,3,53,447.471,-28.644,24.988,482.798,83.241,

[2024-10-24 15:46:48] ,2,22.088,472.912,67.537,31.381,482.93,52.214,

[2024-10-24 15:47:10] ,3,-4.671,435.739,-15.887,34.677,461.048,3.814,

[2024-10-24 15:47:32] ,1,55.768,482.798,-87.466,22.681,495.057,-12.918,

[2024-10-24 15:47:47] ,1,44.365,457.555,-62.526,38.565,499.605,8.276,

[2024-10-24 15:48:01] ,2,-10.669,425.523,65.513,54.845,461.707,-83.32,

[2024-10-24 15:48:16] ,2,58.8,428.16,-26.105,51.352,459.467,169.786,

[2024-10-24 15:48:30] ,1,17.277,441.078,21.516,40.609,488.005,-11.81,

[2024-10-24 15:48:44] ,1,44.168,467.31,41.76,-3.089,469.748,25.419,

[2024-10-24 15:48:58] ,2,39.686,455.842,176.424,52.538,462.169,177.955,

[2024-10-24 15:49:12] ,1,11.213,441.935,-52.214,37.577,450.239,-5.56,

[2024-10-24 15:49:26] ,2,59.129,445.56,65.726,46.079,483.523,175.914,

[2024-10-24 15:49:40] ,2,-8.494,427.764,90,51.55,484.907,17.14,

[2024-10-24 15:49:54] ,1,45.354,437.98,-27.255,58.206,458.346,-24.274,

[2024-10-24 15:50:09] ,3,3.436,457.819,-25.246,12.927,477.46,68.749,

[2024-10-24 15:50:32] ,1,3.7,445.362,-75.101,15.431,485.303,45,

[2024-10-24 15:50:46] ,1,-8.559,459.928,-20.556,18.595,465.135,-42.852,

[2024-10-24 15:51:00] ,2,25.515,435.607,-31.405,9.961,447.01,171.724,

[2024-10-24 15:51:15] ,2,27.427,426.842,115.419,8.972,436.794,49.343,

[2024-10-24 15:51:28] ,3,22.945,464.08,-1.273,56.888,471.726,90,

[2024-10-24 15:51:42] ,2,5.347,443.582,159.928,17.475,463.421,131.76,

[2024-10-24 15:51:56] ,3,4.952,453.798,-19.37,9.829,478.514,-43.807,

[2024-10-24 15:52:13] ,3,39.225,431.323,88.29,-9.812,472.517,38.062,

[2024-10-24 15:52:29] ,2,47.2,425.523,-12.022,35.534,483.589,-19.895,

[2024-10-24 15:52:50] ,1,51.615,440.353,9.211,27.295,445.626,-50.782,

[2024-10-24 15:53:04] ,1,55.9,430.071,88.452,48.584,473.242,-74.476,

[2024-10-24 15:53:18] ,2,11.872,496.046,-83.83,31.579,498.946,169.695,

[2024-10-24 15:53:41] ,1,4.095,427.764,54.048,54.713,438.178,-38.897,

[2024-10-24 15:53:55] ,1,11.213,427.105,2.556,48.122,434.553,29.554,

[2024-10-24 15:54:09] ,1,52.077,429.873,-52.619,17.013,445.362,49.343,

[2024-10-24 15:54:23] ,1,3.831,454.655,64.581,5.94,473.11,77.8,

[2024-10-24 15:54:37] ,2,42.388,443.319,68.962,38.368,463.882,22.463,

[2024-10-24 15:54:50] ,2,53.395,439.957,-58.158,48.122,464.146,131.042,

[2024-10-24 15:55:06] ,3,23.868,481.414,-18.834,2.645,481.678,60.412,

[2024-10-24 15:55:20] ,1,56.163,457.951,1.534,44.234,479.305,31.139,

[2024-10-24 15:55:35] ,3,1.854,432.707,-40.186,22.286,497.496,-59.99,

[2024-10-24 15:55:53] ,4,14.509,455.051,-107.628,-12.712,460.851,145.176,

[2024-10-24 15:56:14] ,2,55.504,428.16,-90,-9.153,484.776,-169.603,

[2024-10-24 15:56:27] ,1,16.288,465.992,71.241,34.347,491.762,85.406,

[2024-10-24 15:56:50] ,2,54.12,444.373,75.466,59.195,490.18,-174.341,

[2024-10-24 15:57:05] ,1,-3.287,429.939,-27.255,-9.153,450.503,-43.176,

[2024-10-24 15:57:20] ,2,58.8,437.782,45.365,55.109,469.089,-170.287,

[2024-10-24 15:57:36] ,2,35.006,479.042,177.955,35.138,494.003,82.235,

[2024-10-24 15:57:53] ,3,3.304,440.814,42.901,40.74,492.553,-12.301,

[2024-10-24 15:58:08] ,1,-8.428,438.178,29.302,46.936,474.098,81.293,

[2024-10-24 15:58:26] ,2,13.125,442.132,-36.254,14.047,490.773,122.55,

[2024-10-24 15:58:50] ,3,47.595,461.246,80.261,32.304,493.08,60.945,

[2024-10-24 15:59:12] ,1,9.5,464.542,63.662,49.836,480.623,-15.03,

[2024-10-24 15:59:26] ,3,16.947,428.753,70.089,-9.548,430.467,-68.993,

[2024-10-24 15:59:41] ,3,44.3,444.307,-17.632,-10.603,445.56,83.191,

[2024-10-24 15:59:55] ,1,42.125,429.478,88.977,-9.746,450.042,-80.789,

[2024-10-24 16:00:10] ,3,43.509,426.71,21.801,12.729,480.755,-67.249,

[2024-10-24 16:00:24] ,3,19.122,427.171,-65.908,-0.98,434.619,86.583,

[2024-10-24 16:00:43] ,3,7.72,439.101,22.426,-11.328,495.189,8.13,

[2024-10-24 16:00:56] ,1,-6.45,471.33,-5.659,37.84,488.203,-42.101,

[2024-10-24 16:01:19] ,1,-4.539,457.094,9.211,5.611,494.53,53.334,

[2024-10-24 16:01:33] ,1,31.909,433.894,-31.842,45.552,461.114,60.255,

[2024-10-24 16:01:47] ,2,8.445,456.369,-69.146,25.12,471.66,-72.525,

[2024-10-24 16:02:01] ,3,35.336,450.437,30.165,30.854,496.507,26.754,

[2024-10-24 16:02:14] ,1,54.384,451.821,-65.26,5.084,455.314,61.144,

[2024-10-24 16:02:29] ,1,27.69,456.303,86.455,-5.528,471.857,67.341,

[2024-10-24 16:02:43] ,2,50.759,429.676,-71.565,39.686,442.66,-128.82,

[2024-10-24 16:02:57] ,2,31.381,433.169,70.105,12.861,483.655,90,

[2024-10-24 16:03:10] ,1,40.609,467.969,-74.612,-5.396,476.735,-81.293,

[2024-10-24 16:03:24] ,2,22.418,445.428,57.724,-3.089,457.16,-137.175,

[2024-10-24 16:03:39] ,3,4.622,427.237,54.315,10.686,485.105,24.479,

[2024-10-24 16:03:54] ,1,-4.539,433.96,33.977,61.963,453.732,20.556,

[2024-10-24 16:04:08] ,2,33.293,462.367,-121.574,43.245,490.18,-45,

[2024-10-24 16:04:23] ,3,-5.33,429.873,57.724,61.436,436.398,71.295,

[2024-10-24 16:04:37] ,1,51.879,431.389,9.377,54.911,484.842,17.784,

[2024-10-24 16:04:52] ,2,6.6,453.535,-135,15.629,498.485,-81.215,

[2024-10-24 16:05:15] ,1,-7.044,428.621,85.323,16.42,432.576,-6.17,

[2024-10-24 16:05:30] ,3,0.14,440.946,-30.165,10.884,486.819,-68.356,

[2024-10-24 16:05:44] ,1,7.259,442.66,-34.403,-8.428,474.56,-29.302,

[2024-10-24 16:05:58] ,2,38.631,430.137,133.176,56.295,430.862,-175.365,

[2024-10-24 16:06:13] ,2,52.011,451.294,-150.001,29.931,456.039,150.945,

[2024-10-24 16:06:27] ,3,50.759,468.43,-85.342,-12.448,495.387,-76.171,

[2024-10-24 16:06:43] ,2,2.909,475.68,-64.12,60.381,476.998,-148.158,

[2024-10-24 16:06:59] ,1,16.156,432.18,5.148,51.22,437.387,75.466,

[2024-10-24 16:07:13] ,2,2.184,477.394,59.3,48.32,495.651,45,

[2024-10-24 16:07:26] ,1,52.275,451.953,-16.65,35.006,475.68,-8.202,

[2024-10-24 16:07:47] ,1,47.595,439.43,60.446,25.45,457.292,-84.943,

[2024-10-24 16:08:03] ,1,45.42,476.405,60.255,51.286,494.662,42.101,

[2024-10-24 16:08:18] ,1,-4.078,439.826,29.554,43.838,462.498,69.8,

[2024-10-24 16:08:36] ,2,-6.648,449.646,21.038,-1.507,469.551,106.504,

[2024-10-24 16:08:50] ,2,-7.9,454.787,-97.189,37.775,497.166,-166.584,

[2024-10-24 16:09:03] ,2,26.438,455.644,-117.022,17.145,484.512,-76.088,

[2024-10-24 16:09:26] ,1,58.865,445.889,-23.131,40.872,456.171,76.088,

[2024-10-24 16:09:40] ,1,47.859,459.532,21.516,19.584,465.069,84.898,

[2024-10-24 16:09:58] ,2,60.777,474.692,-74.338,-10.603,483.853,-11.411,

[2024-10-24 16:10:11] ,2,41.004,426.644,-153.667,61.172,495.387,128.82,

[2024-10-24 16:10:27] ,2,33.754,430.401,170.2,31.909,461.246,172.372,

[2024-10-24 16:10:41] ,3,23.406,444.044,-84.079,25.318,499.869,30.165,

[2024-10-24 16:11:03] ,1,58.404,433.432,27.022,38.895,473.835,-19.075,

[2024-10-24 16:11:18] ,3,49.309,468.232,-51.274,41.4,495.387,-81.93,

[2024-10-24 16:11:32] ,1,57.152,436.53,65.26,5.018,437.453,-81.293,

[2024-10-24 16:11:46] ,1,-2.891,440.551,6.74,29.47,472.451,75.719,

[2024-10-24 16:12:01] ,1,-6.45,432.707,-11.915,52.472,470.473,-16.991,

[2024-10-24 16:12:15] ,3,17.013,426.578,50.741,2.843,466.123,-13.627,

[2024-10-24 16:12:29] ,3,-8.757,431.851,24.656,-6.846,468.496,59.255,

[2024-10-24 16:12:42] ,3,-6.714,436.267,-72.368,29.931,448.657,-78.524,

[2024-10-24 16:12:56] ,1,46.87,457.753,-54.758,24.065,473.967,-51.103,

[2024-10-24 16:13:10] ,3,40.477,435.805,66.08,61.765,451.294,-54.904,

[2024-10-24 16:13:25] ,3,24.065,452.48,41.106,-8.098,487.807,63.625,

[2024-10-24 16:13:38] ,2,14.97,439.364,63.435,30.195,493.739,163.843,

[2024-10-24 16:13:52] ,3,9.631,470.078,39.319,-7.769,471.462,-81.027,

[2024-10-24 16:14:10] ,1,42.388,495.453,-15.662,6.402,496.112,50.458,

[2024-10-24 16:14:35] ,1,57.547,443.978,2.045,40.477,475.285,17.14,

[2024-10-24 16:14:49] ,1,9.763,440.946,-32.981,42.256,447.273,-73.496,

[2024-10-24 16:15:03] ,3,6.204,447.207,-54.067,11.543,477.064,41.424,

[2024-10-24 16:15:19] ,1,8.181,443.055,-81.798,2.579,484.248,16.65,

[2024-10-24 16:15:35] ,3,31.645,433.762,-3.814,-9.548,493.541,-57.724,

[2024-10-24 16:15:50] ,1,52.67,465.53,0,47.859,489.191,-35.838,

[2024-10-24 16:16:13] ,1,33.82,428.489,-19.895,23.209,485.962,-3.608,

[2024-10-24 16:16:26] ,1,-7.175,454.523,-15.524,-8.757,495.782,12.529,

[2024-10-24 16:16:50] ,3,-10.932,455.973,12.065,54.581,478.646,-33.219,

[2024-10-24 16:17:03] ,1,-11.262,435.476,80.2,41.136,441.144,-55.886,

[2024-10-24 16:17:18] ,1,14.311,428.489,-69.444,5.611,474.56,18.759,

[2024-10-24 16:17:32] ,1,46.54,432.312,-2.579,-11.723,451.228,13.033,

[2024-10-24 16:17:54] ,2,58.009,425.985,-24.015,2.843,433.367,38.82,

[2024-10-24 16:18:21] ,1,26.372,439.298,-28.163,0.14,449.646,-62.289,

[2024-10-24 16:18:38] ,3,56.822,453.996,-12.899,34.15,485.896,-53.13,

[2024-10-24 16:18:53] ,2,-9.482,427.896,78.589,25.186,441.473,54.048,

[2024-10-24 16:19:24] ,2,11.081,438.244,10.905,25.45,448.592,147.019,

[2024-10-24 16:19:38] ,2,54.713,470.605,-36.666,40.477,474.56,129.611,

[2024-10-24 16:19:53] ,1,14.047,472.319,-28.369,-7.834,482.535,-41.719,

[2024-10-24 16:20:07] ,1,59.986,427.764,48.281,26.636,456.896,-76.817,

[2024-10-24 16:20:22] ,1,59.327,427.171,-49.343,5.281,440.946,7.765,

[2024-10-24 16:20:44] ,2,18.331,435.278,-14.036,60.315,436.201,-61.144,

[2024-10-24 16:20:58] ,2,25.318,449.185,-47.899,51.681,492.289,153.667,

[2024-10-24 16:21:14] ,1,2.777,426.644,-67.341,0.272,455.973,38.1,

[2024-10-24 16:21:28] ,1,-9.746,433.498,21.705,20.77,463.685,-54.758,

[2024-10-24 16:21:42] ,1,29.997,430.335,-19.895,-7.373,482.798,24.955,

[2024-10-24 16:21:56] ,2,13.85,439.826,117.255,39.95,464.476,77.082,

[2024-10-24 16:22:10] ,2,17.277,476.405,-15.03,34.94,486.357,46.45,

[2024-10-24 16:22:32] ,1,47.793,451.689,88.466,43.311,492.355,-90,

[2024-10-24 16:22:47] ,2,57.415,432.905,177.955,13.52,442.792,-64.799,

[2024-10-24 16:23:01] ,2,10.62,431.719,-31.139,26.043,448.921,101.81,

[2024-10-24 16:23:15] ,2,18.002,429.412,-144.881,32.897,430.928,-162.216,

[2024-10-24 16:23:28] ,3,21.1,440.946,-19.911,10.554,461.642,85.376,

[2024-10-24 16:23:43] ,1,36.852,456.369,-21.991,11.345,486.292,-48.958,

[2024-10-24 16:23:56] ,2,58.931,426.973,58.595,30.986,429.28,97.696,

[2024-10-24 16:24:10] ,3,6.731,441.869,5.921,36.522,452.612,-75.041,

[2024-10-24 16:24:26] ,1,43.706,438.903,-71.727,43.179,454.062,-29.999,

[2024-10-24 16:24:40] ,1,39.686,440.419,-40.326,52.868,445.692,21.516,

[2024-10-24 16:24:54] ,3,32.238,433.301,-23.532,4.359,450.173,-81.93,

[2024-10-24 16:25:08] ,1,23.802,436.332,-79.695,33.227,455.446,-16.015,

[2024-10-24 16:25:22] ,3,54.977,457.423,70.63,30.195,478.382,72.496,

[2024-10-24 16:25:36] ,3,-5.132,460.917,-70.489,18.99,497.166,-85.342,

[2024-10-24 16:25:51] ,2,21.693,487.742,72.216,-9.35,492.553,-29.554,

[2024-10-24 16:26:13] ,2,42.125,439.562,-15.662,46.079,457.357,-67.537,

[2024-10-24 16:26:26] ,3,-8.691,445.428,-38.66,34.611,478.91,31.827,

[2024-10-24 16:26:40] ,1,38.368,471.726,17.14,61.502,477.921,-42.479,

[2024-10-24 16:26:54] ,1,-2.364,467.969,15.03,45.815,476.142,-85.914,

[2024-10-24 16:27:08] ,3,28.811,433.037,11.143,-9.944,435.542,-20.056,

[2024-10-24 16:27:24] ,3,-7.9,442.198,-10.646,32.04,446.087,81.093,

[2024-10-24 16:27:38] ,3,22.945,429.148,-10.646,-2.232,485.105,64.191,

[2024-10-24 16:28:02] ,1,43.706,435.278,75.466,61.765,479.305,28.856,

[2024-10-24 16:28:16] ,1,-10.075,426.71,-49.399,-9.35,482.403,-56.739,

[2024-10-24 16:28:30] ,3,25.45,436.069,-81.93,8.313,456.171,-40.83,

[2024-10-24 16:28:44] ,1,9.368,457.555,-48.958,-9.219,484.578,28.405,

[2024-10-24 16:28:58] ,2,47.727,498.023,-153.895,24.988,499.671,4.122,

[2024-10-24 16:29:15] ,2,-8.428,437.98,-7.696,5.413,477.328,169.192,

[2024-10-24 16:29:29] ,3,-11.13,467.046,90,20.902,477.526,89.151,

[2024-10-24 16:29:55] ,2,38.434,473.044,-46.801,3.304,473.307,37.786,

[2024-10-24 16:30:18] ,1,38.104,458.873,22.463,52.604,489.06,-1.534,

[2024-10-24 16:30:33] ,1,-2.496,428.094,-12.918,-7.834,447.801,74.476,

[2024-10-24 16:30:59] ,3,31.513,484.051,74.113,8.247,486.555,-34.16,

[2024-10-24 16:31:25] ,1,20.836,465.992,44.64,9.104,489.191,70.105,

[2024-10-24 16:31:39] ,1,11.675,472.187,33.408,-9.614,483.326,-61.837,

[2024-10-24 16:31:53] ,1,-3.353,460.389,-59.3,47.068,464.871,14.899,

[2024-10-24 16:32:09] ,1,33.095,450.635,9.713,16.881,477.526,14.899,

[2024-10-24 16:32:23] ,1,19.715,456.698,76.209,-5.264,457.292,-82.811,

[2024-10-24 16:32:46] ,1,6.468,477.328,-32.981,6.402,493.344,80.2,

[2024-10-24 16:33:09] ,1,37.313,427.105,15.03,24.79,447.735,-18.113,

[2024-10-24 16:33:23] ,1,49.506,427.237,-37.694,3.897,441.21,39.936,

[2024-10-24 16:33:37] ,1,42.125,447.932,88.977,41.465,481.48,67.537,

[2024-10-24 16:33:51] ,3,-3.946,450.635,-25.994,-0.98,479.107,-67.413,

[2024-10-24 16:34:05] ,2,21.89,427.369,-95.148,48.452,460.389,19.895,

[2024-10-24 16:34:19] ,1,2.975,453.798,-87.444,31.645,488.137,-43.199,

[2024-10-24 16:34:35] ,3,53.527,460.785,-33.573,1.063,491.894,-86.186,

[2024-10-24 16:34:49] ,3,11.543,448.921,57.95,49.902,488.335,34.509,

[2024-10-24 16:35:03] ,1,-2.298,442.462,-24.487,49.902,445.362,46.801,

[2024-10-24 16:35:17] ,1,57.547,462.235,87.444,12.136,482.271,-8.707,

[2024-10-24 16:35:39] ,1,12.004,471.528,16.991,4.161,490.773,-70.278,

[2024-10-24 16:35:53] ,3,-4.869,460.323,-74.932,32.963,480.36,4.236,

[2024-10-24 16:36:16] ,3,31.381,446.153,-67.023,61.897,464.739,8.07,

[2024-10-24 16:36:30] ,3,-12.514,464.014,0,20.836,464.805,-32.05,

[2024-10-24 16:36:44] ,2,57.877,454.392,87.936,30.327,494.069,92.064,

[2024-10-24 16:36:59] ,1,17.738,455.314,-7.125,56.361,458.346,51.499,

[2024-10-24 16:37:16] ,3,38.17,443.517,62.87,10.422,448.13,-9.811,

[2024-10-24 16:37:33] ,1,60.052,482.007,35.119,6.138,497.957,86.424,

[2024-10-24 16:37:49] ,3,42.718,445.032,83.613,3.304,454.194,-73.996,

[2024-10-24 16:38:07] ,1,44.827,450.767,25.88,60.711,451.887,34.824,

[2024-10-24 16:38:20] ,2,59.788,484.973,21.038,35.402,485.369,-134.275,

[2024-10-24 16:38:34] ,3,10.027,445.164,-18.034,-10.339,491.828,29.219,

[2024-10-24 16:38:58] ,3,60.975,451.623,-62.676,53.461,488.598,-88.303,

[2024-10-24 16:39:12] ,1,22.154,472.78,41.424,60.513,498.748,45.735,

[2024-10-24 16:39:34] ,2,-12.316,433.432,84.806,1.327,457.885,-96.68,

[2024-10-24 16:40:00] ,1,47.397,425.326,-80.2,8.379,448.46,-34.824,

[2024-10-24 16:40:24] ,2,45.75,429.807,97.696,53.329,479.305,101.31,

[2024-10-24 16:40:38] ,2,17.343,456.369,-24.274,39.818,472.978,-107.628,

[2024-10-24 16:40:51] ,2,6.797,428.555,-73.202,52.934,433.564,-152.049,

[2024-10-24 16:41:05] ,3,53.527,454.589,48.614,1.195,475.417,7.177,

[2024-10-24 16:41:19] ,2,-6.187,444.373,153.895,51.154,462.63,157.341,

[2024-10-24 16:41:35] ,1,49.506,459.994,-25.419,9.829,487.346,13.536,

[2024-10-24 16:41:50] ,1,7.127,469.089,84.341,13.586,496.771,47.899,

[2024-10-24 16:42:21] ,3,-0.65,482.996,7.595,61.436,488.269,42.901,

[2024-10-24 16:42:37] ,1,9.5,436.992,-62.289,15.365,488.598,-14.407,

[2024-10-24 16:42:53] ,2,51.088,440.551,3.066,-4.737,446.285,58.158,

