[2024-10-23 08:48:18] ,2,34.018,443.582,57.724,24.065,460.521,-119.302,

[2024-10-23 08:51:50] ,2,34.018,443.055,56.31,24.065,459.73,-117.924,

[2024-10-23 08:54:11] ,2,33.556,442.66,55.176,24.131,459.467,-118.163,

[2024-10-23 08:58:11] ,2,51.418,439.232,84.852,57.745,448.526,48.668,

[2024-10-23 08:58:13] ,4,55.834,443.121,-112.463,29.997,453.469,27.474,

[2024-10-23 09:00:04] ,2,58.009,428.555,-141.259,60.975,464.278,-117.951,

[2024-10-23 09:00:19] ,2,38.434,449.185,2.064,15.695,455.776,150.446,

[2024-10-23 09:00:37] ,1,-3.023,468.101,51.988,51.55,486.292,13.033,

[2024-10-23 09:00:53] ,2,18.068,431.587,-59.482,6.468,441.473,-74.338,

[2024-10-23 09:01:11] ,3,21.231,463.487,-64.957,-1.507,482.535,15.068,

[2024-10-23 09:01:43] ,2,-1.771,450.964,94.16,5.084,462.894,125.838,

[2024-10-23 09:05:08] ,1,-5.264,447.405,-88.968,30.327,487.873,-0.521,

[2024-10-23 09:05:24] ,1,38.302,445.23,17.942,52.868,478.382,0.521,

[2024-10-23 09:05:40] ,1,32.634,434.421,-22.184,16.156,444.044,-83.26,

[2024-10-23 09:05:59] ,2,23.275,434.882,87.917,5.809,468.628,-26.105,

[2024-10-23 09:06:18] ,1,1.59,447.998,-82.164,1.129,482.403,49.008,

[2024-10-23 09:06:35] ,3,32.304,429.873,-49.538,0.997,484.512,-41.106,

[2024-10-23 09:06:51] ,1,9.829,455.71,33.977,60.579,486.423,53.13,

[2024-10-23 09:12:02] ,1,59.92,428.292,-58.325,43.97,448.723,-68.962,

[2024-10-23 09:12:24] ,1,59.327,454.062,-54.462,59.393,489.587,87.917,

[2024-10-23 09:12:42] ,2,47.463,468.76,-25.174,33.161,487.873,-163.202,

[2024-10-23 09:12:59] ,1,-6.582,432.048,-71.565,36.852,445.362,-82.235,

[2024-10-23 09:13:15] ,3,19.715,449.185,-56.781,-8.559,494.266,8.973,

[2024-10-23 09:13:30] ,1,59.59,432.576,15.164,28.679,436.398,-38.012,

[2024-10-23 09:13:46] ,2,0.47,430.532,-133.531,21.363,460.257,-100.905,

[2024-10-23 09:14:03] ,1,40.74,436.662,59.036,16.42,476.932,-81.724,

[2024-10-23 09:14:19] ,1,48.452,434.223,0,31.184,487.148,-24.487,

[2024-10-23 09:14:43] ,1,53.395,447.537,54.881,48.715,470.144,44.635,

[2024-10-23 09:14:59] ,2,7.786,426.842,37.284,15.827,468.298,3.608,

[2024-10-23 09:15:18] ,2,53.461,436.926,-10.397,21.429,493.805,46.469,

[2024-10-23 09:15:34] ,3,-2.1,445.23,-69.394,16.288,478.514,-52.792,

[2024-10-23 09:15:56] ,1,59.393,435.542,27.951,27.756,468.562,-88.466,

[2024-10-23 09:16:12] ,1,49.902,434.355,5.194,-7.044,443.253,-75.964,

[2024-10-23 09:16:28] ,3,36.984,430.401,79.695,14.509,481.81,59.99,

[2024-10-23 09:16:44] ,2,45.09,466.519,-54.881,41.465,482.139,4.122,

[2024-10-23 09:16:59] ,2,1.854,462.894,-134.265,46.211,489.455,-65.298,

[2024-10-23 09:17:16] ,1,37.05,449.646,-56.31,22.681,458.346,-84.852,

[2024-10-23 09:17:31] ,1,27.097,468.826,-71.727,32.238,490.641,0,

[2024-10-23 09:17:47] ,2,50.89,434.553,47.203,2.513,437.651,79.603,

[2024-10-23 09:18:10] ,3,-9.746,436.201,-10.382,-8.757,455.117,-12.391,

[2024-10-23 09:18:24] ,1,12.531,475.944,-65.045,28.086,491.828,-74.338,

[2024-10-23 09:18:47] ,1,51.22,427.105,-1.042,48.518,453.798,34.695,

[2024-10-23 09:19:02] ,1,14.838,433.235,83.26,25.45,481.678,-7.765,

[2024-10-23 09:19:18] ,2,61.634,436.596,-4.16,26.24,445.296,-58.595,

[2024-10-23 09:19:34] ,2,45.025,433.498,63.435,61.04,484.644,159.261,

[2024-10-23 09:19:50] ,2,1.854,433.63,-47.203,41.597,496.573,-167.471,

[2024-10-23 09:20:06] ,3,-10.603,454.985,-60.573,18.859,499.21,86.158,

[2024-10-23 09:20:24] ,3,-3.023,431.587,-52.615,58.997,473.176,-84.844,

[2024-10-23 09:20:40] ,2,61.436,429.412,-48.668,44.365,466.848,-153.204,

[2024-10-23 09:20:56] ,3,-10.405,439.496,87.863,-6.582,495.585,-35.238,

[2024-10-23 09:21:12] ,2,61.238,431.126,69.444,31.052,432.905,54.583,

[2024-10-23 09:21:34] ,3,29.536,475.087,7.595,20.309,491.301,87.863,

[2024-10-23 09:21:49] ,2,-7.834,453.403,-144.881,14.047,489.982,-87.917,

[2024-10-23 09:22:05] ,3,51.154,437.848,-85.272,-0.519,489.257,-19.511,

[2024-10-23 09:22:21] ,3,15.168,442.857,-65.136,8.775,480.557,66.297,

[2024-10-23 09:22:37] ,2,56.097,427.896,-118.443,12.663,450.898,148.158,

[2024-10-23 09:22:54] ,1,16.815,432.971,-47.553,-0.98,452.744,-46.095,

[2024-10-23 09:23:18] ,3,59.854,477.196,-69.544,38.697,478.976,36.87,

[2024-10-23 09:23:33] ,1,34.479,428.621,60.191,61.7,441.605,30.7,

[2024-10-23 09:23:50] ,3,61.963,473.11,-29.427,2.052,489.323,25.427,

[2024-10-23 09:24:09] ,2,27.69,442.66,71.075,59.393,494.926,46.848,

[2024-10-23 09:24:38] ,2,44.563,425.457,-83.199,58.602,425.985,0,

[2024-10-23 09:24:53] ,1,5.743,465.201,-73.202,-3.88,492.816,16.949,

[2024-10-23 09:25:19] ,3,-0.782,461.18,29.798,-6.384,497.101,-49.865,

[2024-10-23 09:25:36] ,2,60.315,451.755,-62.049,-0.65,469.023,4.677,

[2024-10-23 09:25:53] ,2,20.375,453.007,-129.542,22.484,481.546,84.806,

[2024-10-23 09:26:21] ,1,1.788,455.248,57.885,53.131,479.239,20.739,

[2024-10-23 09:26:51] ,3,0.404,432.773,47.121,-11.196,456.567,-82.716,

[2024-10-23 09:40:09] ,3,31.843,432.51,-26.565,56.756,452.217,-62.48,

[2024-10-23 09:40:24] ,3,10.554,456.105,2.545,-3.221,471.594,-57.496,

[2024-10-23 09:40:40] ,3,-10.009,440.353,66.689,61.765,463.157,-53.216,

[2024-10-23 09:40:56] ,3,31.711,466.651,37.208,43.772,485.501,21.801,

[2024-10-23 09:41:22] ,3,-9.021,437.453,-82.293,22.286,496.837,76.588,

[2024-10-23 09:41:49] ,3,8.906,441.671,53.723,0.931,467.178,-61.152,

[2024-10-23 09:42:05] ,1,40.081,427.501,3.641,59.195,428.094,3.608,

[2024-10-23 09:42:21] ,1,37.775,448.328,31.139,15.102,463.355,-50.064,

[2024-10-23 09:42:38] ,1,28.218,449.053,66.4,41.993,479.964,86.934,

[2024-10-23 09:42:55] ,1,40.477,450.503,29.554,53.065,470.737,-57.45,

[2024-10-23 09:43:12] ,2,33.293,444.176,60.191,49.177,452.348,-62.745,

[2024-10-23 09:43:29] ,1,-11.064,446.021,18.435,10.884,485.171,-86.424,

[2024-10-23 09:43:46] ,2,-4.934,470.342,149.744,9.697,476.339,-81.215,

[2024-10-23 09:44:04] ,1,59.327,441.012,83.32,35.863,497.298,-57.609,

[2024-10-23 09:44:21] ,2,2.711,429.742,-20.072,7.522,465.794,121.842,

[2024-10-23 09:44:38] ,2,44.893,429.807,159.749,32.765,466.585,-51.9,

[2024-10-23 09:44:58] ,2,-6.582,436.728,-150.191,41.268,441.342,-131.719,

[2024-10-23 09:45:15] ,1,49.836,443.648,29.554,26.504,498.551,14.036,

[2024-10-23 09:45:31] ,2,43.772,431.719,-171.215,52.802,478.778,-142.306,

[2024-10-23 09:45:48] ,2,28.745,433.63,-71.565,20.902,440.023,-47.936,

[2024-10-23 09:46:04] ,3,40.543,481.348,6.387,-11.394,492.223,46.809,

[2024-10-23 09:46:20] ,2,55.043,480.557,-35.119,4.556,495.716,-124.992,

[2024-10-23 09:46:38] ,2,47.529,439.694,97.765,-4.078,478.382,163.698,

[2024-10-23 09:46:55] ,3,-4.934,432.444,-14.243,-12.25,486.16,-7.707,

[2024-10-23 10:06:57] ,3,25.054,452.744,-57.137,40.806,473.373,65.695,

[2024-10-23 10:06:59] ,3,-7.044,430.335,-25.043,35.468,444.044,82.716,

[2024-10-23 10:07:14] ,3,37.84,438.507,67.805,7.654,477.328,-62.301,

[2024-10-23 10:07:30] ,3,49.572,488.137,23.703,35.6,497.826,39.531,

[2024-10-23 10:07:46] ,3,6.731,471.923,71.431,52.209,490.641,-13.727,

[2024-10-23 10:08:05] ,3,13.256,485.962,76.273,52.604,487.939,68.595,

[2024-10-23 10:08:30] ,3,18.463,442.132,47.698,15.168,468.76,0.849,

[2024-10-23 10:10:07] ,3,-9.35,436.003,-48.045,37.643,437.453,-26.182,

[2024-10-23 10:10:09] ,3,-6.846,427.501,11.226,48.518,430.73,-87.847,

[2024-10-23 10:10:11] ,3,53.197,460.323,-24.656,26.57,464.739,-88.303,

[2024-10-23 10:12:46] ,3,18.265,431.653,82.293,12.465,453.271,-44.091,

[2024-10-23 10:12:48] ,3,26.57,431.982,84.036,45.156,439.035,-9.739,

[2024-10-23 10:13:02] ,3,41.993,425.721,-1.283,3.106,454.853,57.496,

[2024-10-23 10:13:18] ,3,40.74,429.214,29.427,5.809,429.742,-53.815,

[2024-10-23 10:13:34] ,3,9.236,425.457,83.565,-9.35,439.43,48.614,

[2024-10-23 10:13:50] ,3,6.468,447.076,-59.036,56.625,454.194,58.671,

[2024-10-23 10:14:07] ,3,26.834,461.312,88.303,-0.321,466.651,15.479,

[2024-10-23 10:14:23] ,3,0.668,426.38,11.646,60.315,467.969,-28.474,

[2024-10-23 10:14:39] ,3,47.134,486.819,-32.276,15.102,490.641,27.324,

[2024-10-23 10:14:58] ,3,54.054,486.951,-11.061,7.456,493.871,15.068,

[2024-10-23 10:15:14] ,3,29.602,490.773,-59.621,47.859,496.441,-11.226,

[2024-10-23 10:15:33] ,3,-11.394,466.848,-54.413,18.134,477.394,36.87,

[2024-10-23 10:15:51] ,3,28.679,425.194,-38.726,7.852,482.139,41.106,

[2024-10-23 10:17:45] ,3,34.809,430.203,-29.798,8.247,440.221,29.588,

[2024-10-23 10:17:46] ,3,5.018,455.314,-2.545,50.627,467.442,-82.77,

[2024-10-23 10:18:42] ,3,46.936,429.61,-50.741,-10.866,439.562,-38.062,

[2024-10-23 10:18:43] ,3,42.718,447.735,-2.121,-12.448,462.564,-57.724,

[2024-10-23 10:18:45] ,3,8.972,480.228,67.187,-11.196,488.994,54.067,

[2024-10-23 10:23:22] ,3,28.35,425.655,59.255,48.65,425.985,-8.13,

[2024-10-23 10:23:37] ,3,18.331,442.66,-48.894,59.854,449.91,8.552,

[2024-10-23 10:24:49] ,3,38.104,449.251,-88.717,24.593,452.81,80.676,

[2024-10-23 10:25:04] ,3,11.213,434.817,-76.686,47.661,455.512,-18.569,

[2024-10-23 10:25:20] ,3,57.086,475.68,42.589,50.297,488.203,50.14,

[2024-10-23 10:25:36] ,3,-10.603,446.878,36.529,61.765,449.053,-47.099,

[2024-10-23 10:25:53] ,3,-8.889,442.923,-6.34,5.809,454.062,40.83,

[2024-10-23 10:26:09] ,3,44.365,449.251,-0.855,-2.496,476.207,-72.108,

[2024-10-23 10:26:26] ,3,-10.8,430.401,87.863,48.584,460.521,73.586,

[2024-10-23 10:26:41] ,3,24.988,453.073,57.724,8.05,484.776,60.945,

[2024-10-23 10:27:06] ,3,-0.387,488.532,1.697,48.188,488.532,-39.588,

[2024-10-23 10:27:23] ,3,58.338,479.042,48.013,33.161,499.539,83.991,

[2024-10-23 10:27:39] ,3,19.254,432.839,-51.009,-7.175,490.971,-4.693,

[2024-10-23 10:28:04] ,3,51.747,425.655,71.834,32.37,489.389,73.586,

[2024-10-23 10:28:50] ,3,41.531,427.105,-4.3,-11.987,427.567,-12.482,

[2024-10-23 10:29:06] ,3,48.715,432.707,-69.796,25.45,450.239,18.435,

[2024-10-23 10:29:22] ,3,13.125,426.578,-59.621,13.125,451.03,-79.771,

[2024-10-23 10:29:38] ,3,-6.253,430.796,-74.521,6.006,458.017,23.92,

[2024-10-23 10:29:54] ,3,23.802,428.951,-76.171,-10.734,439.628,75.343,

[2024-10-23 10:30:11] ,3,43.443,451.557,-32.634,22.286,470.342,73.301,

[2024-10-23 10:30:27] ,3,4.952,439.628,-10.305,-9.35,463.882,55.713,

[2024-10-23 10:30:43] ,3,23.868,469.617,36.617,6.534,497.826,68.993,

[2024-10-23 10:30:59] ,3,-10.009,431.917,57.137,34.875,479.832,-62.676,

[2024-10-23 10:31:15] ,3,-2.034,456.567,76.273,45.75,483.853,14.139,

[2024-10-23 10:31:31] ,3,36.918,485.698,81.027,4.095,489.653,85.272,

[2024-10-23 10:31:50] ,3,60.513,479.305,-55.008,21.627,498.089,35.933,

[2024-10-23 10:33:52] ,3,-10.141,429.017,-22.521,39.488,441.539,-88.303,

[2024-10-23 10:33:56] ,3,5.479,430.071,-31.915,47.463,462.564,-1.697,

[2024-10-23 10:34:18] ,3,-0.057,443.187,1.71,13.388,458.742,87.436,

[2024-10-23 10:34:34] ,3,2.447,431.257,31.185,52.143,445.362,-66.297,

[2024-10-23 10:34:50] ,3,17.475,430.005,-77.005,37.181,484.578,-22.587,

[2024-10-23 10:35:05] ,3,11.015,448.13,-13.216,32.765,451.492,57.011,

[2024-10-23 10:35:21] ,3,-7.834,435.739,-33.808,-2.694,466.255,-48.013,

[2024-10-23 10:35:38] ,3,-11.394,471.132,-59.184,61.436,472.714,50.741,

[2024-10-23 10:35:54] ,3,36.259,451.887,-57.366,-0.387,481.019,75.757,

[2024-10-23 10:36:10] ,3,6.402,428.687,31.551,25.713,484.776,-64.006,

[2024-10-23 10:36:26] ,3,-6.912,425.392,-41.987,27.031,499.078,38.66,

[2024-10-23 10:36:50] ,3,-6.714,445.955,-59.99,21.429,495.123,53.471,

[2024-10-23 10:37:15] ,3,17.211,454.985,-3.786,-3.287,455.644,-8.973,

[2024-10-23 10:38:57] ,3,0.009,443.648,-6.435,47.2,452.348,69.394,

[2024-10-23 10:39:02] ,3,51.945,435.805,38.134,24.527,478.91,-48.894,

[2024-10-23 10:48:45] ,3,8.511,440.287,-25.427,-10.734,484.776,24.267,

[2024-10-23 10:49:08] ,3,-12.316,428.819,68.039,40.938,431.521,-87.455,

[2024-10-23 10:49:24] ,3,58.997,460.126,10.724,-5.396,472.648,31.691,

[2024-10-23 10:49:39] ,3,12.465,431.389,34.992,1.195,439.694,20.308,

[2024-10-23 10:49:54] ,3,42.388,448.526,-43.5,-2.43,487.346,59.621,

[2024-10-23 10:50:12] ,3,8.84,466.123,-21.801,-12.646,485.764,-47.121,

[2024-10-23 10:50:27] ,3,-12.053,454.392,-29.638,9.631,483.919,1.697,

[2024-10-23 10:50:46] ,3,49.111,462.564,36.027,17.475,492.355,-56.547,

[2024-10-23 10:51:01] ,3,1.459,438.507,-22.195,35.797,490.444,-62.48,

[2024-10-23 10:51:25] ,3,6.138,443.912,-54.413,46.211,479.898,15.068,

[2024-10-23 10:51:40] ,3,45.288,428.621,-31.915,-7.307,488.005,-89.145,

[2024-10-23 10:51:56] ,3,60.381,444.505,-87.01,35.863,490.576,13.314,

[2024-10-23 10:54:39] ,2,-11.262,454.194,-141.988,44.036,473.967,-163.843,

[2024-10-23 10:54:41] ,2,13.85,460.192,-32.981,26.834,472.451,-120.256,

[2024-10-23 10:54:56] ,3,32.634,428.423,-61.526,20.704,457.489,-11.476,

[2024-10-23 10:55:12] ,3,-11.525,438.639,47.099,3.831,475.944,41.386,

[2024-10-23 10:55:28] ,2,39.818,433.301,20.556,46.475,488.994,-16.949,

[2024-10-23 10:55:47] ,2,58.206,455.842,5.194,40.345,492.289,125.538,

[2024-10-23 10:56:11] ,3,34.018,445.889,55.251,0.734,486.226,52.535,

[2024-10-23 10:56:26] ,2,37.84,425.721,-173.199,38.038,456.303,-172.811,

[2024-10-23 10:56:43] ,1,34.611,463.355,-50.064,11.213,475.219,-34.403,

[2024-10-23 10:56:59] ,3,-0.914,434.948,-86.129,-6.45,465.201,-37.465,

[2024-10-23 10:57:16] ,1,55.372,451.623,-87.936,53.922,465.53,18.435,

[2024-10-23 10:57:33] ,3,20.045,453.798,-61.356,28.547,480.294,-79.771,

[2024-10-23 10:57:48] ,3,2.25,433.235,-88.708,52.802,462.63,-60.573,

[2024-10-23 10:58:04] ,3,59.327,433.564,0.862,-5.791,459.203,-7.284,

[2024-10-23 10:58:19] ,1,9.368,428.226,24.015,33.095,437.057,53.027,

[2024-10-23 10:58:35] ,3,-2.166,429.148,-83.14,25.911,470.276,82.293,

[2024-10-23 10:58:53] ,2,35.402,486.423,69.928,57.284,487.873,-175.84,

[2024-10-23 10:59:10] ,3,60.711,440.089,8.191,-0.321,471.726,52.535,

[2024-10-23 10:59:28] ,3,28.35,430.269,61.152,34.084,499.407,57.496,

[2024-10-23 10:59:44] ,2,42.52,449.58,123.546,13.981,481.282,92.064,

[2024-10-23 11:00:08] ,1,39.488,454.26,23.334,36.061,498.551,84.806,

[2024-10-23 11:00:24] ,3,-9.614,476.142,-41.065,25.12,487.478,51.605,

[2024-10-23 11:00:40] ,1,31.843,437.651,-64.359,11.213,457.16,-74.338,

[2024-10-23 11:00:56] ,1,-3.353,472.846,-73.202,37.445,486.292,67.816,

[2024-10-23 11:01:12] ,3,8.05,437.782,56.904,48.32,492.026,-17.761,

[2024-10-23 11:01:30] ,2,39.62,428.621,147.171,56.493,433.762,40.941,

[2024-10-23 11:01:46] ,2,44.893,448.262,-26.796,61.765,478.712,-35.119,

[2024-10-23 11:02:01] ,1,60.052,438.639,36.56,50.363,465.201,-10.808,

[2024-10-23 11:02:18] ,3,38.038,437.651,-61.526,56.954,498.946,38.66,

[2024-10-23 11:02:42] ,4,57.415,433.367,-84.289,26.504,434.421,24.015,

[2024-10-23 11:02:56] ,1,-12.448,457.819,9.293,52.67,467.178,-26.565,

[2024-10-23 11:03:12] ,2,31.777,486.292,-162.708,50.165,495.255,-100.491,

[2024-10-23 11:03:28] ,1,50.297,482.732,-68.962,61.436,492.355,11.004,

[2024-10-23 11:03:44] ,3,12.202,438.573,-85.732,17.475,473.505,46.809,

[2024-10-23 11:04:00] ,4,50.231,425.655,26.565,23.275,496.969,1.042,

[2024-10-23 11:04:16] ,2,29.47,427.435,-163.051,58.602,433.037,-66.666,

[2024-10-23 11:04:31] ,3,-10.8,436.992,-19.109,43.113,487.412,45,

[2024-10-23 11:04:46] ,2,41.4,452.546,-65.513,14.377,475.68,-155.985,

[2024-10-23 11:05:04] ,2,13.915,434.223,-171.724,39.422,447.01,106.65,

[2024-10-23 11:05:21] ,3,-10.734,430.137,-85.732,20.375,446.153,-3.842,

[2024-10-23 11:05:54] ,1,53.725,435.542,35.417,38.038,440.946,62.526,

[2024-10-23 11:06:10] ,1,29.47,453.864,7.125,-10.537,481.81,-87.936,

[2024-10-23 11:06:26] ,1,45.486,449.58,6.68,8.511,479.042,-76.464,

[2024-10-23 11:06:42] ,1,47.397,435.014,76.464,60.579,440.485,46.095,

[2024-10-23 11:06:58] ,1,-0.782,448.526,72.86,18.068,452.612,73.843,

[2024-10-23 11:07:13] ,1,41.531,452.876,-6.68,-0.387,475.944,82.304,

[2024-10-23 11:07:29] ,2,0.338,457.555,178.958,12.268,459.335,98.707,

[2024-10-23 11:07:45] ,3,53.725,449.185,-71.701,34.875,450.898,-76.273,

[2024-10-23 11:08:01] ,1,52.604,436.86,6.74,46.804,469.353,70.589,

[2024-10-23 11:08:17] ,2,29.536,439.101,34.403,56.888,471.264,-50.856,

[2024-10-23 11:08:32] ,2,-3.419,448.526,161.565,35.27,488.467,176.906,

[2024-10-23 11:08:48] ,3,7.127,425.457,-78.354,36.061,429.28,25.809,

[2024-10-23 11:09:04] ,2,55.24,425.853,-65.985,56.295,482.996,73.35,

[2024-10-23 11:09:20] ,4,22.879,464.607,-19.895,-2.1,488.467,-35.538,

[2024-10-23 11:09:32] ,1,15.365,437.585,-3.094,-1.507,451.36,-63.435,

[2024-10-23 11:09:48] ,2,24.329,466.585,-160.105,40.081,467.376,-13.912,

[2024-10-23 11:10:04] ,4,49.375,436.398,161.075,28.152,464.212,-50.458,

[2024-10-23 11:10:18] ,2,11.477,453.996,76.584,52.736,468.43,-47.203,

[2024-10-23 11:10:35] ,3,23.011,483.853,-11.56,51.55,484.117,-45,

[2024-10-23 11:10:50] ,1,44.234,445.23,-61.595,30.129,495.585,4.122,

[2024-10-23 11:11:09] ,3,6.929,426.38,79.618,-11.394,431.192,-65.344,

[2024-10-23 11:11:25] ,3,-0.716,426.644,-13.412,-1.573,449.382,-69.544,

[2024-10-23 11:11:44] ,3,18.925,434.355,26.565,34.611,494.398,-73.586,

[2024-10-23 11:12:00] ,2,56.295,455.644,-107.447,-3.748,459.335,-38.012,

[2024-10-23 11:21:21] ,2,4.359,461.773,-34.403,11.213,487.148,-55.305,

[2024-10-23 11:21:37] ,1,55.372,429.082,49.733,59.063,494.926,-41.332,

[2024-10-23 11:21:54] ,2,44.629,467.903,-110.556,-6.253,469.617,84.289,

[2024-10-23 11:22:14] ,3,49.572,480.096,-27.52,-10.405,499.473,-39.86,

[2024-10-23 11:22:32] ,2,56.822,438.112,126.973,10.488,446.68,94.677,

[2024-10-23 11:22:49] ,3,38.17,426.182,-56.547,61.106,466.717,38.062,

[2024-10-23 11:23:06] ,1,0.404,445.889,-51.582,22.088,494.728,-15.803,

[2024-10-23 11:23:22] ,3,8.115,491.828,27.324,44.234,494.003,26.946,

[2024-10-23 11:23:45] ,1,12.531,437.914,-52.619,33.688,448.526,69.444,

[2024-10-23 11:24:02] ,1,30.656,432.905,-1.042,-9.482,453.798,-4.635,

[2024-10-23 11:24:17] ,1,54.12,434.355,39.144,20.44,481.414,28.405,

[2024-10-23 11:24:33] ,1,-0.387,460.192,83.83,47.068,480.557,-1.548,

[2024-10-23 11:24:49] ,4,47.859,459.532,60.001,11.806,478.185,-78.19,

[2024-10-23 11:25:03] ,1,56.888,463.355,3.066,25.977,472.121,60.446,

[2024-10-23 11:25:18] ,1,24.725,462.762,63.895,1.327,467.639,-1.548,

[2024-10-23 11:25:34] ,1,16.42,460.389,67.537,1.327,488.862,-19.411,

[2024-10-23 11:25:50] ,1,54.911,438.376,83.26,53.856,460.455,-59.744,

[2024-10-23 11:26:07] ,2,-12.382,439.957,114.015,11.806,471.923,-92.045,

[2024-10-23 11:26:23] ,2,50.165,428.489,-54.162,52.538,473.769,0,

[2024-10-23 11:26:39] ,2,32.238,427.237,-150.642,-7.966,453.732,-173.774,

[2024-10-23 11:26:55] ,3,1.59,478.91,-35.587,55.702,489.587,9.462,

[2024-10-23 11:27:11] ,1,30.459,437.255,87.936,17.738,456.039,-68.484,

[2024-10-23 11:27:27] ,2,59.459,440.419,-142.716,50.297,459.137,-68.962,

[2024-10-23 11:27:43] ,2,20.77,459.203,-12.417,61.304,462.63,109.411,

[2024-10-23 11:27:59] ,2,56.625,450.503,122.115,42.125,483.194,2.064,

[2024-10-23 11:28:26] ,1,49.243,458.28,-86.424,55.768,498.551,1.562,

[2024-10-23 11:28:42] ,3,-12.646,441.473,8.552,43.706,443.648,50.14,

[2024-10-23 11:28:57] ,1,36.061,441.407,31.405,31.909,485.105,-8.785,

[2024-10-23 11:29:13] ,2,-7.505,432.642,111.224,53.988,458.28,-157.816,

[2024-10-23 11:29:30] ,1,32.172,482.667,82.304,-4.803,488.73,-72.708,

[2024-10-23 11:29:46] ,3,-4.869,425.26,43.485,22.22,435.937,86.583,

[2024-10-23 11:30:02] ,2,42.718,427.237,98.351,58.997,471.989,-180,

[2024-10-23 11:30:19] ,1,-10.734,437.057,-14.664,19.32,449.119,36.254,

[2024-10-23 11:30:35] ,1,42.125,435.08,47.553,3.238,452.942,21.038,

[2024-10-23 11:30:50] ,1,51.022,440.221,80.112,27.559,465.201,21.516,

[2024-10-23 11:31:05] ,1,18.002,458.082,11.31,59.986,487.939,57.609,

[2024-10-23 11:31:22] ,2,23.934,445.692,-180,44.036,469.155,-5.711,

[2024-10-23 11:31:37] ,2,52.67,429.939,13.658,17.343,449.251,105.524,

[2024-10-23 11:31:52] ,2,44.102,448.987,176.878,22.154,481.546,-9.8,

[2024-10-23 11:32:09] ,3,47.793,430.532,30.379,49.902,493.41,-85.732,

[2024-10-23 11:32:25] ,3,44.3,441.078,6.009,-5.396,486.555,-66.519,

[2024-10-23 11:32:43] ,3,43.97,428.028,90,25.647,428.819,18.166,

[2024-10-23 11:32:58] ,4,-8.559,440.023,-37.284,33.095,460.323,19.242,

[2024-10-23 11:33:10] ,3,23.802,428.489,-2.99,33.359,475.219,18.034,

[2024-10-23 11:33:25] ,3,57.613,452.81,36.277,23.143,488.598,43.5,

[2024-10-23 11:33:39] ,3,37.247,431.323,75.343,8.181,498.88,-38.326,

[2024-10-23 11:33:58] ,2,54.911,433.762,-18.925,54.515,449.317,-94.677,

[2024-10-23 11:34:21] ,2,-11.921,464.937,-139.399,-8.032,483.326,-16.157,

[2024-10-23 11:34:39] ,3,33.161,446.878,-67.249,25.318,482.205,-21.801,

[2024-10-23 11:35:01] ,1,23.143,438.244,26.796,60.909,446.087,-57.171,

[2024-10-23 11:35:17] ,1,53.461,428.094,26.796,37.577,430.269,-35.838,

[2024-10-23 11:35:32] ,1,40.938,430.203,10.397,55.043,454.26,52.306,

[2024-10-23 11:35:47] ,1,19.781,476.273,-90,1.854,498.485,-66.938,

[2024-10-23 11:36:04] ,3,-3.484,443.912,-46.515,14.311,448.789,-17.761,

[2024-10-23 11:36:19] ,2,-2.496,440.287,-168.996,30.525,483.655,61.144,

[2024-10-23 11:36:34] ,3,57.218,468.101,35.587,-12.514,469.221,47.411,

[2024-10-23 11:36:49] ,2,24,472.055,128.82,53.922,472.187,-64.581,

[2024-10-23 11:37:08] ,1,14.179,425.26,-73.202,-8.362,441.671,68.102,

[2024-10-23 11:37:25] ,1,58.865,477.855,-79.695,-12.184,479.239,39.472,

[2024-10-23 11:37:41] ,3,18.068,466.585,-81.027,45.881,492.685,12.482,

[2024-10-23 11:37:56] ,2,15.563,432.378,162.708,56.493,453.205,-125.417,

[2024-10-23 11:38:21] ,1,23.406,464.673,-65.726,28.415,483.853,33.69,

[2024-10-23 11:38:36] ,1,35.336,461.246,14.036,33.754,485.039,62.745,

[2024-10-23 11:38:51] ,1,54.318,494.926,86.392,35.6,497.035,-50.128,

[2024-10-23 11:39:07] ,3,54.779,444.901,54.66,10.093,480.096,84.036,

[2024-10-23 11:39:22] ,3,15.431,445.032,-51.938,5.15,466.848,85.342,

[2024-10-23 11:39:37] ,3,-8.691,449.514,-75.757,-2.034,491.696,49.865,

[2024-10-23 11:39:54] ,3,57.284,445.428,36.529,33.622,485.764,-21.801,

[2024-10-23 11:40:12] ,3,-0.914,431.917,8.13,-3.419,446.087,19.911,

[2024-10-23 11:40:29] ,3,35.336,494.464,19.109,13.586,495.914,59.99,

[2024-10-23 11:40:51] ,1,19.122,451.03,85.365,7.852,499.869,-8.276,

[2024-10-23 11:41:06] ,1,50.693,469.88,82.235,52.406,489.06,-69.928,

[2024-10-23 11:41:22] ,2,61.04,454.457,-73.843,52.67,487.478,-11.514,

[2024-10-23 11:41:37] ,1,57.218,445.757,16.157,13.125,467.771,-78.19,

[2024-10-23 11:41:54] ,3,20.177,430.071,-8.13,29.272,453.139,-84.5,

[2024-10-23 11:42:09] ,2,-11.987,427.632,-47.586,16.288,430.269,-50.856,

[2024-10-23 11:42:23] ,1,4.293,441.869,84.806,-4.934,461.905,-20.072,

[2024-10-23 11:42:39] ,3,29.009,430.269,67.643,46.54,444.373,83.613,

[2024-10-23 11:43:02] ,1,14.97,430.071,-57.885,42.388,487.478,-23.334,

[2024-10-23 11:43:17] ,2,21.956,454.589,152.289,58.865,460.455,-146.023,

[2024-10-23 11:43:34] ,1,52.209,456.764,-58.595,19.715,468.298,66.194,

[2024-10-23 11:43:49] ,2,35.534,457.489,71.727,32.238,496.969,-176.878,

[2024-10-23 11:44:07] ,1,38.302,426.446,29.358,12.861,447.142,-75.466,

[2024-10-23 11:44:29] ,1,33.359,478.844,88.452,-8.691,499.407,-25.396,

[2024-10-23 11:44:44] ,2,-9.416,434.817,52.716,50.429,439.892,-9.293,

[2024-10-23 11:44:59] ,2,33.952,426.446,-140.194,0.734,427.105,-87.917,

[2024-10-23 11:45:16] ,2,34.479,467.705,-4.086,53.659,483.392,-166.967,

[2024-10-23 11:45:38] ,2,55.372,467.112,-102.918,25.845,478.317,136.45,

[2024-10-23 11:45:54] ,2,-4.012,441.473,20.072,14.575,447.932,-45,

[2024-10-23 11:46:08] ,1,7.39,437.189,59.036,-11.525,486.423,84.806,

[2024-10-23 11:46:25] ,2,30.854,474.889,-139.343,33.952,492.487,28.856,

[2024-10-23 11:46:48] ,2,-1.375,434.553,-105.301,-7.439,450.239,175.878,

[2024-10-23 11:47:05] ,2,48.847,440.551,-155.298,-10.273,448.394,7.836,

[2024-10-23 11:47:21] ,2,61.831,470.012,-169.095,49.902,496.112,86.359,

[2024-10-23 11:47:43] ,2,26.175,477.394,133.905,53.263,482.007,-164.836,

[2024-10-23 11:48:14] ,2,11.806,426.907,112.859,15.102,471.067,-113.806,

[2024-10-23 11:48:30] ,3,27.69,427.632,16.414,17.672,465.992,13.727,

[2024-10-23 11:49:49] ,1,32.765,449.185,87.444,10.093,471.132,-17.784,

[2024-10-23 11:49:51] ,1,34.15,428.621,53.858,17.409,433.564,-58.595,

[2024-10-23 11:50:06] ,1,32.106,442.33,-31.405,55.834,483.326,26.796,

[2024-10-23 11:50:23] ,1,6.863,430.203,64.604,48.452,490.839,-86.359,

[2024-10-23 11:50:39] ,2,40.806,453.205,172.747,2.447,460.785,-104.036,

[2024-10-23 11:50:55] ,2,-9.153,453.073,-135,-10.603,483.194,-147.171,

[2024-10-23 11:51:11] ,3,59.261,482.732,-89.145,-5.33,486.489,38.062,

[2024-10-23 11:51:33] ,1,10.225,451.492,20.072,48.188,469.353,89.479,

[2024-10-23 11:51:48] ,1,15.3,460.917,-60.446,8.84,497.76,5.711,

[2024-10-23 11:52:04] ,1,-12.844,473.505,49.399,8.84,498.023,73.051,

[2024-10-23 11:52:22] ,2,51.154,433.63,173.199,45.156,476.01,94.086,

[2024-10-23 11:52:45] ,1,26.504,432.773,-23.806,52.143,484.973,-12.529,

[2024-10-23 11:53:00] ,1,39.29,430.994,50.128,-11.525,496.178,58.325,

[2024-10-23 11:53:16] ,3,8.84,443.121,57.137,21.034,479.042,-8.489,

[2024-10-23 11:53:31] ,1,8.577,443.121,-40.657,6.402,480.162,37.381,

[2024-10-23 11:53:48] ,1,46.145,431.719,-16.302,56.361,488.862,-72.708,

[2024-10-23 11:54:10] ,1,16.618,439.628,-85.878,22.615,494.86,16.798,

[2024-10-23 11:54:25] ,1,48.056,434.882,-80.707,4.293,435.278,66.666,

[2024-10-23 11:54:41] ,1,36.588,446.219,-28.856,9.434,466.519,-90,

[2024-10-23 11:54:56] ,1,-9.746,465.003,53.027,56.229,498.221,-87.397,

[2024-10-23 11:55:11] ,3,51.813,429.939,78.354,28.152,476.076,8.07,

[2024-10-23 11:55:28] ,2,53.461,440.353,174.852,48.715,476.273,111.991,

[2024-10-23 11:55:43] ,1,58.14,437.453,80.112,-3.88,470.539,11.411,

[2024-10-23 11:55:58] ,3,-1.375,434.948,-78.774,-8.428,487.346,-6.009,

[2024-10-23 11:56:16] ,2,43.377,470.342,-169.192,12.268,481.942,-108.925,

[2024-10-23 11:56:32] ,1,57.02,462.96,-66.666,11.279,476.076,11.411,

[2024-10-23 11:56:46] ,3,50.231,427.369,-88.717,7.786,428.621,-29.798,

[2024-10-23 11:57:03] ,3,48.056,430.335,-77.935,32.172,471.067,22.977,

[2024-10-23 11:57:21] ,3,5.677,454.392,-88.717,49.506,483.392,-77.196,

[2024-10-23 11:57:43] ,3,-5.066,428.292,-29.638,-4.144,478.778,4.268,

[2024-10-23 11:57:57] ,3,46.738,472.385,25.043,-10.669,496.969,75.757,

[2024-10-23 11:58:12] ,1,54.45,443.648,-18.435,32.502,468.167,-25.419,

[2024-10-23 11:58:26] ,3,26.504,438.244,10.646,60.381,457.094,72.368,

[2024-10-23 11:58:44] ,3,-12.25,443.912,-60.202,21.231,457.885,28.644,

[2024-10-23 11:59:08] ,1,12.004,440.814,40.206,-12.909,467.705,-40.992,

[2024-10-23 11:59:25] ,3,-6.912,452.942,26.565,-8.428,484.842,-0.862,

[2024-10-23 11:59:48] ,1,46.672,431.851,63.204,58.734,446.417,-27.711,

[2024-10-23 12:00:05] ,1,-2.694,425.721,-61.098,2.777,462.235,-53.027,

[2024-10-23 12:00:22] ,3,14.575,477.196,-84.036,50.034,483.919,44.397,

[2024-10-23 12:01:44] ,1,37.775,441.737,-25.641,30.129,451.623,-41.379,

[2024-10-23 12:01:46] ,1,12.927,450.701,54.881,44.365,461.707,78.19,

[2024-10-23 12:02:00] ,1,58.668,452.151,-58.595,23.011,458.939,31.405,

[2024-10-23 12:02:23] ,1,47.859,436.926,-36.973,7.654,474.23,-58.158,

[2024-10-23 12:02:41] ,1,14.443,455.248,-49.008,37.972,472.912,31.842,

[2024-10-23 12:03:04] ,1,0.075,436.53,-21.224,11.543,478.514,-39.936,

[2024-10-23 12:03:19] ,2,36.39,460.785,-9.713,53,467.244,-166.088,

[2024-10-23 12:03:34] ,2,60.381,464.607,39.872,30.195,481.81,8.785,

[2024-10-23 12:03:49] ,1,28.152,457.753,27.711,5.611,472.714,-77.692,

[2024-10-23 12:04:06] ,2,56.295,445.56,34.992,18.99,464.937,10.808,

[2024-10-23 12:04:20] ,1,12.795,459.532,18.273,54.581,495.914,0.521,

[2024-10-23 12:04:34] ,1,-1.969,425.919,46.824,53,431.06,63.204,

[2024-10-23 12:04:49] ,2,47.068,433.63,104.162,58.602,473.373,-180,

[2024-10-23 12:05:06] ,2,30.459,469.748,114.955,17.079,490.773,-152.969,

[2024-10-23 12:05:21] ,3,-4.934,433.96,33.453,14.772,445.823,2.545,

[2024-10-23 12:05:43] ,2,27.756,465.662,23.131,53.988,479.371,175.878,

[2024-10-23 12:06:00] ,2,26.702,478.317,-49.008,60.118,488.796,140.458,

[2024-10-23 12:06:15] ,1,51.484,453.93,49.008,-7.769,466.651,-10.808,

[2024-10-23 12:06:32] ,2,46.54,437.453,96.68,43.113,487.148,111.705,

[2024-10-23 12:06:47] ,1,58.668,450.503,80.112,39.225,477.328,47.175,

[2024-10-23 12:07:02] ,3,29.997,438.837,69.944,17.277,448.657,-65.136,

[2024-10-23 12:07:17] ,3,-0.519,452.81,27.52,57.943,459.994,7.23,

[2024-10-23 12:07:31] ,1,40.081,431.785,75.838,10.95,448.13,-24.955,

[2024-10-23 12:07:47] ,1,49.045,438.771,1.548,-5.989,445.757,-29.105,

[2024-10-23 12:08:01] ,3,49.045,479.371,-8.13,18.265,489.257,-71.701,

[2024-10-23 12:08:16] ,3,57.877,426.578,-80.116,22.22,488.796,-57.724,

[2024-10-23 12:08:30] ,2,32.502,455.578,-45,44.629,499.935,128.741,

[2024-10-23 12:08:45] ,3,41.993,439.232,16.294,6.731,487.148,44.403,

[2024-10-23 12:09:01] ,3,-8.889,445.955,9.462,-10.273,489.521,-22.195,

[2024-10-23 12:09:22] ,2,-8.428,470.671,169.095,42.85,473.703,-46.45,

[2024-10-23 12:09:38] ,2,41.663,459.335,-49.343,5.281,493.146,-82.681,

[2024-10-23 12:09:52] ,3,29.734,428.819,-5.117,19.584,452.876,-65.521,

[2024-10-23 12:10:06] ,2,22.22,449.119,-32.55,33.095,464.08,-33.261,

[2024-10-23 12:10:20] ,3,54.713,450.173,34.399,35.336,477.13,45,

[2024-10-23 12:10:34] ,3,-4.605,457.621,-38.991,7.72,473.901,27.324,

[2024-10-23 12:10:48] ,3,-10.603,485.698,6.387,46.277,499.144,45,

[2024-10-23 12:11:03] ,1,58.734,426.248,-17.942,12.993,448.394,64.826,

[2024-10-23 12:11:18] ,2,28.218,453.535,87.421,45.486,498.089,110.739,

[2024-10-23 12:11:49] ,2,18.2,462.432,-86.906,50.759,499.407,118.652,

[2024-10-23 12:12:04] ,1,42.784,461.378,45,58.075,488.862,-69.444,

[2024-10-23 12:12:19] ,3,23.209,442.33,5.5,-4.737,461.048,-77.518,

[2024-10-23 12:12:37] ,1,60.645,439.364,16.302,56.888,498.551,9.293,

[2024-10-23 12:13:00] ,1,58.404,439.562,78.085,17.475,441.144,-81.215,

[2024-10-23 12:13:19] ,1,-9.087,466.453,-38.418,4.886,480.162,-33.261,

[2024-10-23 12:13:33] ,2,11.081,434.223,-105.662,12.795,462.894,-168.085,

[2024-10-23 12:13:50] ,2,49.177,484.644,108.435,-9.68,491.037,117.031,

[2024-10-23 12:14:04] ,1,-12.646,426.512,5.763,48.452,461.971,1.032,

[2024-10-23 12:14:20] ,3,19.979,431.785,-26.182,58.47,441.935,71.701,

[2024-10-23 12:14:34] ,2,52.538,485.896,-136.469,21.034,493.937,-119.358,

[2024-10-23 12:14:49] ,2,19.056,425.985,151.805,19.122,446.944,130.657,

[2024-10-23 12:15:13] ,3,-9.021,447.735,-77.101,3.436,485.632,56.192,

[2024-10-23 12:15:27] ,3,-10.603,428.028,-44.397,17.343,443.846,-5.117,

[2024-10-23 12:15:42] ,3,15.695,489.719,86.158,-0.057,490.51,-26.565,

[2024-10-23 12:16:03] ,1,-2.759,440.023,68.776,46.013,481.48,-4.635,

[2024-10-23 12:16:20] ,1,51.813,439.496,83.83,55.702,487.939,2.064,

[2024-10-23 12:16:36] ,2,7.588,496.507,-10.397,50.297,499.869,126.87,

[2024-10-23 12:16:51] ,3,44.497,448.657,-38.726,5.347,471.33,-56.781,

[2024-10-23 12:17:05] ,1,61.7,430.598,26.333,19.386,497.232,78.589,

[2024-10-23 12:17:20] ,2,-7.769,430.467,13.151,41.136,441.144,-120.964,

[2024-10-23 12:17:35] ,1,26.043,434.092,39.144,-4.803,496.178,-61.144,

[2024-10-23 12:17:50] ,1,31.381,496.178,65.513,58.075,497.43,39.472,

[2024-10-23 12:18:05] ,3,39.29,436.332,-21.801,17.672,439.496,3.391,

[2024-10-23 12:18:21] ,3,16.618,467.178,-55.008,16.156,496.969,82.349,

[2024-10-23 12:18:38] ,3,61.304,451.689,-52.199,-10.669,484.248,74.82,

[2024-10-23 12:18:52] ,3,17.013,433.103,42.589,-8.559,457.951,-66.857,

[2024-10-23 12:19:10] ,2,29.206,489.653,-111.898,45.618,490.773,41.677,

[2024-10-23 12:19:33] ,2,29.997,427.501,126.87,22.615,441.078,6.226,

[2024-10-23 12:19:48] ,1,29.734,475.548,18.925,2.777,481.48,-35.538,

[2024-10-23 12:20:02] ,3,-2.825,437.453,-28.848,-10.8,482.732,-2.545,

[2024-10-23 12:20:17] ,1,55.043,457.292,27.951,5.545,468.628,7.765,

[2024-10-23 12:20:33] ,1,-5.33,492.619,-27.031,22.286,495.716,-20.739,

[2024-10-23 12:20:49] ,3,44.497,487.082,69.146,-11.855,497.891,-73.877,

[2024-10-23 12:21:11] ,1,21.1,485.435,77.082,53.988,487.148,-61.595,

[2024-10-23 12:21:26] ,1,21.693,432.839,69.444,30.261,465.069,83.774,

[2024-10-23 12:21:43] ,2,51.747,451.162,60.191,51.747,488.467,-35.119,

[2024-10-23 12:21:58] ,2,57.284,468.167,103.033,-9.35,479.569,165.964,

[2024-10-23 12:22:20] ,1,39.686,477.196,27.022,50.034,498.946,67.62,

[2024-10-23 12:22:34] ,2,27.163,443.451,19.584,51.813,446.812,163.843,

[2024-10-23 12:22:50] ,2,9.038,454.26,-126.87,54.713,476.339,116.333,

[2024-10-23 12:23:05] ,3,-6.45,456.896,-35.587,6.534,492.816,53.216,

[2024-10-23 12:23:23] ,2,-9.812,439.232,6.226,-3.287,497.628,-81.649,

[2024-10-23 12:23:45] ,1,31.118,450.437,-49.733,3.568,464.212,65.045,

[2024-10-23 12:24:01] ,1,20.111,433.432,-59.744,26.043,491.432,13.536,

[2024-10-23 12:24:16] ,2,35.863,427.303,-71.565,51.088,435.146,-4.16,

[2024-10-23 12:24:32] ,2,-8.559,429.742,82.681,13.915,470.473,-111.038,

[2024-10-23 12:24:47] ,2,48.979,430.862,-158.776,-8.098,499.012,-180,

[2024-10-23 12:25:11] ,2,-0.255,439.562,-98.865,38.434,457.555,-17.784,

[2024-10-23 12:25:27] ,1,39.686,443.055,12.022,26.768,456.764,-36.666,

[2024-10-23 12:25:41] ,3,48.781,448.987,-53.13,-8.889,449.844,-13.412,

[2024-10-23 12:25:55] ,1,18.397,439.298,10.397,2.513,442.33,36.142,

[2024-10-23 12:26:11] ,1,13.125,442.33,1.051,49.77,490.51,20.072,

[2024-10-23 12:26:26] ,2,-7.966,438.112,-64.826,39.29,472.714,-32.115,

[2024-10-23 12:26:41] ,1,59.722,463.223,-28.405,24,499.869,-7.765,

[2024-10-23 12:26:55] ,2,-4.803,425.853,-17.942,-10.8,476.01,-150.191,

[2024-10-23 12:27:10] ,2,42.388,434.223,147.45,19.781,458.412,-100.905,

[2024-10-23 12:27:25] ,1,49.375,483.26,50.856,-8.296,490.51,-63.204,

[2024-10-23 12:27:49] ,3,49.177,440.814,44.1,10.752,467.507,28.848,

[2024-10-23 12:28:12] ,2,-11.394,446.482,140.856,55.965,494.991,-180,

[2024-10-23 12:28:35] ,3,4.029,458.742,-86.583,24.79,469.814,30.165,

[2024-10-23 12:28:49] ,3,-3.55,446.219,-80.961,15.827,484.842,-35.096,

[2024-10-23 12:29:06] ,2,30.063,488.796,-34.403,-6.516,490.048,9.377,

[2024-10-23 12:29:32] ,3,5.15,447.339,-60.202,35.336,490.246,77.609,

[2024-10-23 12:29:48] ,3,-11.196,449.646,-76.588,-10.998,493.607,-16.123,

[2024-10-23 12:30:10] ,1,50.825,463.355,53.746,26.175,466.651,62.049,

[2024-10-23 12:30:27] ,1,4.886,463.948,-62.745,36.061,486.753,-22.184,

[2024-10-23 12:30:42] ,1,-4.934,451.096,49.399,42.388,488.137,73.202,

[2024-10-23 12:30:57] ,1,23.934,474.955,-71.241,53.461,488.994,-29.105,

[2024-10-23 12:31:12] ,2,46.409,457.16,-101.411,22.286,469.155,136.095,

[2024-10-23 12:31:28] ,2,23.472,455.907,-104.899,49.638,491.366,-38.012,

[2024-10-23 12:31:42] ,1,41.729,475.153,66.194,6.336,492.816,78.085,

[2024-10-23 12:31:57] ,2,20.177,426.71,-125.72,40.675,461.905,143.746,

[2024-10-23 12:32:13] ,1,44.497,433.103,8.351,53.461,464.871,-19.895,

[2024-10-23 12:32:28] ,3,2.25,427.632,32.504,-7.044,477.657,-77.101,

[2024-10-23 12:32:44] ,1,54.384,425.787,14.534,43.113,498.155,66.46,

[2024-10-23 12:32:59] ,3,60.711,435.014,31.551,61.568,458.544,55.954,

[2024-10-23 12:33:13] ,3,60.381,426.71,56.192,53,473.835,-5.5,

[2024-10-23 12:33:28] ,3,1.063,432.18,-8.13,-2.759,470.144,19.511,

[2024-10-23 12:33:49] ,3,-10.207,467.969,-28.474,21.561,469.155,-34.16,

[2024-10-23 12:34:03] ,1,10.752,465.926,-25.419,55.9,468.694,-67.341,

[2024-10-23 12:34:21] ,1,42.52,453.864,-71.241,37.445,472.385,42.101,

[2024-10-23 12:34:36] ,1,15.234,473.769,27.951,-8.362,480.953,-64.826,

[2024-10-23 12:34:55] ,1,-9.219,426.314,49.059,30.393,454.326,18.925,

[2024-10-23 12:35:09] ,3,-11.13,476.405,-5.964,45.288,478.514,-29.219,

[2024-10-23 12:35:29] ,1,48.584,436.267,1.032,-9.021,484.578,-76.464,

[2024-10-23 12:35:51] ,2,42.322,476.142,-45.365,53.065,492.685,-166.342,

[2024-10-23 12:36:09] ,1,59.327,431.719,-5.711,15.629,436.201,-75.466,

[2024-10-23 12:36:24] ,2,26.175,443.846,-125.417,25.45,469.946,117.711,

[2024-10-23 12:36:40] ,2,33.754,433.762,-155.045,24.263,470.276,150.446,

[2024-10-23 12:36:56] ,1,23.34,439.43,-3.608,47.529,487.807,30.518,

[2024-10-23 12:37:13] ,1,41.597,434.882,59.744,22.879,483.655,-45,

[2024-10-23 12:37:30] ,2,-12.975,427.303,-42.414,39.554,480.887,-83.83,

[2024-10-23 12:37:47] ,2,53.329,465.135,-163.35,6.6,488.664,159.444,

[2024-10-23 12:38:10] ,1,6.204,458.017,-5.659,60.777,463.882,55.733,

[2024-10-23 12:38:33] ,1,-0.716,431.521,75.964,59.92,434.619,69.928,

[2024-10-23 12:38:48] ,2,24.065,427.435,-106.302,24,438.376,-68.295,

[2024-10-23 12:39:03] ,2,8.643,436.332,-43.531,58.668,454.787,150.191,

[2024-10-23 12:39:18] ,3,38.763,434.619,10.229,15.893,460.323,89.157,

[2024-10-23 12:39:32] ,2,51.615,478.646,62.049,45.156,495.585,-171.649,

[2024-10-23 12:39:48] ,2,45.156,473.703,-60.191,26.306,497.232,-163.202,

[2024-10-23 12:40:03] ,2,46.211,428.028,-49.399,42.322,482.732,53.44,

[2024-10-23 12:40:17] ,3,39.027,482.798,69.692,57.745,497.298,30.665,

[2024-10-23 12:40:34] ,2,39.62,462.235,57.885,10.818,473.769,48.281,

[2024-10-23 12:40:58] ,3,14.838,468.232,57.011,-5.659,482.073,-42.901,

[2024-10-23 12:41:13] ,1,25.384,438.244,84.289,41.268,497.298,47.203,

[2024-10-23 12:41:30] ,3,12.795,427.764,45.3,-12.119,442.001,41.065,

[2024-10-23 12:41:44] ,3,15.959,443.912,-57.137,29.865,469.089,-38.726,

[2024-10-23 12:41:58] ,2,-6.187,442.594,-145.305,39.686,463.948,67.341,

[2024-10-23 12:42:16] ,3,33.622,449.448,-1.273,-11.591,470.935,-54.067,

[2024-10-23 12:42:30] ,3,18.99,484.051,-68.749,-10.009,488.664,51.938,

[2024-10-23 12:44:34] ,2,20.572,428.292,-22.859,36.918,458.742,166.967,

[2024-10-23 12:44:50] ,1,53,448.13,69.261,51.22,475.021,81.215,

[2024-10-23 12:45:05] ,3,44.827,440.551,-0.849,2.645,456.83,-82.716,

[2024-10-23 12:45:21] ,2,45.025,486.819,-121.675,1.195,497.957,-36.142,

[2024-10-23 12:45:36] ,1,-7.637,440.814,80.623,17.079,451.426,-4.122,

[2024-10-23 12:45:53] ,3,34.413,428.028,-43.485,52.275,469.155,21.644,

[2024-10-23 12:46:07] ,2,49.572,432.114,-122.829,48.584,482.535,57.885,

[2024-10-23 12:46:30] ,3,-1.375,452.085,71.701,3.304,475.285,46.79,

[2024-10-23 12:46:47] ,3,29.14,486.292,-29.427,-11.064,487.478,-42.274,

[2024-10-23 12:47:05] ,3,34.743,427.369,85.732,24.263,481.678,59.99,

[2024-10-23 12:47:36] ,1,57.613,433.828,-32.115,8.445,444.439,25.074,

[2024-10-23 12:47:51] ,1,25.647,439.101,68.962,12.927,442.989,-8.707,

[2024-10-23 12:48:06] ,2,31.052,437.321,-2.064,58.075,448.789,16.65,

[2024-10-23 12:48:21] ,1,34.018,439.76,-38.1,39.29,457.16,56.31,

[2024-10-23 12:48:36] ,1,26.636,429.082,-58.595,36.786,444.242,-45.365,

[2024-10-23 12:48:50] ,2,3.04,487.939,-28.652,-7.571,494.201,-113.334,

[2024-10-23 12:49:05] ,1,54.318,432.642,53.44,5.545,446.087,-73.35,

[2024-10-23 12:49:21] ,1,46.277,475.219,-24.74,50.034,491.762,31.405,

[2024-10-23 12:49:35] ,1,59.59,425.457,-39.872,40.872,427.237,-87.936,

[2024-10-23 12:49:50] ,1,15.036,458.544,23.6,2.513,459.467,10.905,

[2024-10-23 12:50:05] ,1,-1.375,428.094,-3.094,16.156,460.126,16.65,

[2024-10-23 12:50:19] ,2,13.784,434.157,150.895,25.779,443.846,0,

[2024-10-23 12:50:34] ,1,54.384,453.271,21.224,53.461,474.955,82.747,

[2024-10-23 12:50:49] ,2,60.052,435.673,-132.064,31.315,451.162,160.105,

[2024-10-23 12:51:05] ,1,-5.462,434.223,-37.694,-1.046,460.323,-78.589,

[2024-10-23 12:51:20] ,1,48.056,442.923,-48.621,7.193,491.894,-25.419,

[2024-10-23 12:51:34] ,4,59.459,439.364,42.447,38.302,455.973,-6.116,

[2024-10-23 12:51:46] ,1,-9.087,426.446,-54.881,-11.196,440.155,-15.03,

[2024-10-23 12:51:59] ,2,-2.957,468.232,82.747,58.404,481.678,23.806,

[2024-10-23 12:52:14] ,1,3.7,426.051,-85.878,12.795,436.794,78.085,

[2024-10-23 12:52:29] ,2,53.263,446.944,-51.582,4.029,453.864,-164.197,

[2024-10-23 12:52:44] ,2,53.065,430.928,-27.951,45.881,457.423,-15.03,

[2024-10-23 12:52:58] ,1,0.8,454.194,-43.55,41.927,487.28,-42.101,

[2024-10-23 12:53:12] ,2,13.652,429.017,-108.6,31.777,478.185,106.157,

[2024-10-23 12:53:27] ,2,29.009,462.762,-64.12,34.809,486.357,-102.918,

[2024-10-23 12:53:42] ,1,17.804,435.41,43.905,41.268,478.185,85.365,

[2024-10-23 12:53:58] ,3,-2.562,469.946,21.644,57.481,473.242,0,

[2024-10-23 12:54:12] ,3,34.15,436.662,76.686,5.94,464.344,-21.098,

[2024-10-23 12:54:27] ,2,-6.912,437.914,-93.122,55.965,464.212,-155.513,

[2024-10-23 12:54:42] ,3,46.738,436.069,12.804,21.429,461.18,-25.809,

[2024-10-23 12:54:56] ,2,25.977,428.226,-116.333,2.909,470.473,-81.798,

[2024-10-23 12:55:11] ,3,-7.966,458.082,-34.641,7.588,497.826,18.843,

[2024-10-23 12:55:25] ,3,47.265,430.796,9.462,-8.625,485.303,-48.296,

[2024-10-23 12:55:39] ,3,-11.394,481.348,84.844,19.188,484.38,-67.413,

[2024-10-23 12:55:54] ,2,23.736,467.112,-102.918,50.363,494.728,97.319,

[2024-10-23 12:56:09] ,2,-12.184,432.048,-156.46,38.5,433.301,144.162,

[2024-10-23 12:56:26] ,3,37.115,466.98,9.739,26.504,479.305,21.801,

[2024-10-23 12:56:44] ,2,42.388,448.987,25.641,41.136,496.903,147.609,

[2024-10-23 12:57:00] ,1,43.443,450.503,38.82,50.363,488.005,65.513,

[2024-10-23 12:57:22] ,1,7.325,462.498,82.235,-12.646,473.044,-32.391,

[2024-10-23 12:57:39] ,2,19.056,426.248,28.195,58.931,479.042,142.716,

[2024-10-23 12:58:05] ,1,49.77,449.119,-48.621,53.527,485.698,24.015,

[2024-10-23 12:58:28] ,1,2.909,466.651,-82.811,-0.585,483.062,-11.411,

[2024-10-23 12:58:43] ,1,60.579,429.544,-17.942,47.793,481.744,56.454,

[2024-10-23 12:59:05] ,1,42.125,434.685,-15.662,-2.1,475.746,-34.403,

[2024-10-23 12:59:21] ,1,33.029,454.392,87.955,4.82,470.012,-66.194,

[2024-10-23 12:59:44] ,1,31.25,431.257,84.237,29.997,459.137,-88.977,

[2024-10-23 13:00:00] ,1,-12.053,431.785,74.699,57.811,461.707,-10.397,

[2024-10-23 13:00:15] ,1,16.025,467.31,24.274,7.39,485.105,85.878,

[2024-10-23 13:00:30] ,1,-7.307,447.998,10.397,15.3,459.005,39.542,

[2024-10-23 13:00:55] ,1,32.106,432.312,-82.235,28.811,454.985,-5.148,

[2024-10-23 13:01:11] ,1,61.634,447.537,0,20.506,454.787,55.176,

[2024-10-23 13:01:29] ,1,61.436,457.094,-87.421,12.202,492.026,44.635,

[2024-10-23 13:01:46] ,2,-3.814,427.171,75.838,48.781,442.726,149.036,

[2024-10-23 13:02:03] ,1,-2.232,462.894,69.261,56.69,469.353,56.739,

[2024-10-23 13:02:17] ,2,4.359,439.496,22.859,58.997,444.044,-162.058,

[2024-10-23 13:02:34] ,2,25.779,455.446,166.464,-0.387,462.432,112.184,

[2024-10-23 13:02:57] ,2,9.434,435.607,-13.658,46.672,499.935,-13.151,

[2024-10-23 13:03:12] ,1,48.122,435.08,-59.036,-5.923,444.571,71.565,

[2024-10-23 13:03:27] ,1,39.752,430.269,-37.694,-9.614,466.453,60.446,

[2024-10-23 13:03:44] ,2,57.679,453.469,132.825,11.411,490.312,84.289,

[2024-10-23 13:04:02] ,2,59.788,455.776,50.458,43.245,458.412,-163.843,

[2024-10-23 13:04:24] ,2,1.525,441.539,-133.905,26.57,451.426,62.978,

[2024-10-23 13:04:39] ,2,-2.034,452.019,-174.806,50.297,472.582,37.694,

[2024-10-23 13:04:55] ,2,4.161,482.667,122.981,20.836,494.332,145.597,

[2024-10-23 13:05:11] ,2,-11.987,439.562,-47.203,42.256,453.403,82.235,

[2024-10-23 13:05:27] ,2,39.686,436.332,32.115,3.04,483.326,-41.332,

[2024-10-23 13:05:42] ,3,42.981,441.473,-85.307,-6.846,462.498,-16.821,

[2024-10-23 13:05:59] ,3,22.681,433.63,25.994,56.559,454.523,78.44,

[2024-10-23 13:06:14] ,2,11.806,478.382,-121.139,46.211,489.257,-143.44,

[2024-10-23 13:06:36] ,1,61.238,440.946,-40.601,52.538,452.019,56.023,

[2024-10-23 13:06:52] ,2,40.279,455.973,-180,55.438,489.323,0,

[2024-10-23 13:07:07] ,3,-12.844,459.928,67.249,25.054,472.912,-22.977,

[2024-10-23 13:07:32] ,3,-8.889,429.412,54.413,8.577,475.219,-81.093,

[2024-10-23 13:07:47] ,2,27.888,434.223,-122.55,41.927,479.107,-96.68,

[2024-10-23 13:08:01] ,3,25.977,429.676,46.206,-10.075,473.176,-89.151,

[2024-10-23 13:08:16] ,2,24.659,473.439,-73.843,-1.046,478.976,-55.305,

[2024-10-23 13:08:30] ,2,5.743,432.114,65.298,20.111,495.057,-156.46,

[2024-10-23 13:08:45] ,3,43.575,445.889,16.699,-6.187,469.155,-75.757,

[2024-10-23 13:09:01] ,3,-5.725,457.357,2.99,19.188,496.705,60.362,

[2024-10-23 13:09:16] ,3,57.745,434.289,-17.892,-9.284,490.378,-40.786,

[2024-10-23 13:09:31] ,2,11.411,425.985,42.414,10.752,438.837,-90,

[2024-10-23 13:09:53] ,3,58.734,470.342,67.249,-12.316,494.728,66.125,

[2024-10-23 13:10:16] ,3,31.579,449.778,-81.511,-9.482,458.346,-77.425,

[2024-10-23 13:10:32] ,3,50.561,436.596,-61.526,0.8,481.217,-23.311,

[2024-10-23 13:10:55] ,3,61.568,441.671,30.964,37.84,466.914,-52.457,

[2024-10-23 13:11:18] ,2,9.038,454.062,38.012,53.395,458.61,-121.405,

[2024-10-23 13:12:35] ,1,0.206,446.482,-90,36.852,479.964,-75.466,

[2024-10-23 13:12:51] ,1,4.622,443.055,6.74,59.393,498.089,28.195,

[2024-10-23 13:13:06] ,2,21.495,438.903,-59.036,9.434,476.537,90,

[2024-10-23 13:13:23] ,1,-12.184,478.844,35.119,56.427,482.403,56.165,

[2024-10-23 13:13:46] ,1,17.475,444.439,-52.716,3.04,499.605,-18.6,

[2024-10-23 13:14:01] ,1,-8.757,454.457,-69.444,56.361,460.982,-48.621,

[2024-10-23 13:14:16] ,2,58.338,440.155,54.583,33.886,449.58,109.411,

[2024-10-23 13:14:38] ,1,32.897,460.653,75.964,42.059,488.137,-38.1,

[2024-10-23 13:14:53] ,3,11.213,441.407,-14.139,-4.209,461.773,-19.911,

[2024-10-23 13:15:07] ,1,0.206,488.928,-52.306,54.647,494.201,27.031,

[2024-10-23 13:15:22] ,3,4.49,431.521,11.646,-3.287,458.939,15.18,

[2024-10-23 13:15:36] ,2,40.609,466.189,36.973,-5.132,469.089,84.341,

[2024-10-23 13:15:50] ,2,43.179,437.848,143.44,5.875,454.985,166.584,

[2024-10-23 13:16:06] ,2,15.234,463.948,-164.338,44.893,490.51,35.417,

[2024-10-23 13:16:38] ,2,8.972,429.61,-46.824,33.029,432.378,2.083,

[2024-10-23 13:16:52] ,3,11.345,457.753,-68.595,25.45,498.155,27.52,

[2024-10-23 13:17:07] ,2,32.04,430.598,37.6,53.725,445.494,-119.809,

[2024-10-23 13:17:22] ,1,28.613,459.203,-68.671,42.586,494.926,-11.915,

[2024-10-23 13:17:37] ,2,46.936,471.264,-34.403,30.788,475.153,98.785,

[2024-10-23 13:17:53] ,1,60.447,433.63,-73.698,48.65,459.203,36.973,

[2024-10-23 13:18:08] ,2,28.284,463.685,-100.808,47.793,498.155,-161.896,

[2024-10-23 13:18:23] ,3,-7.307,470.605,-11.143,27.163,475.944,40.186,

[2024-10-23 13:18:37] ,3,14.377,432.444,-9.811,28.679,491.235,-88.303,

[2024-10-23 13:18:54] ,1,57.745,463.355,4.594,41.136,490.18,-39.872,

[2024-10-23 13:19:08] ,3,53.922,440.748,64.006,18.134,443.582,10.305,

[2024-10-23 13:19:23] ,2,2.843,430.269,-113.749,39.159,432.114,38.741,

[2024-10-23 13:19:45] ,1,42.454,434.751,-43.905,13.322,461.839,25.88,

[2024-10-23 13:20:00] ,3,5.281,444.835,61.356,11.081,490.839,81.87,

[2024-10-23 13:20:16] ,2,51.22,428.555,157.62,16.486,439.957,-18.435,

[2024-10-23 13:20:31] ,3,2.645,454.787,-61.902,12.795,492.816,-13.314,

[2024-10-23 13:20:47] ,3,34.875,439.957,82.293,40.081,496.639,-34.046,

[2024-10-23 13:21:02] ,2,39.554,437.057,-143.858,3.831,471.001,-162.708,

[2024-10-23 13:21:20] ,3,18.661,441.21,11.976,46.277,480.623,-82.77,

[2024-10-23 13:21:42] ,1,-5.132,449.119,-85.878,9.631,499.012,-88.452,

[2024-10-23 13:21:56] ,1,41.136,436.926,-34.695,-0.255,499.341,1.562,

[2024-10-23 13:22:11] ,2,47.265,467.969,-156.666,16.618,484.973,46.824,

[2024-10-23 13:22:28] ,2,58.075,444.571,-84.289,24.593,463.751,162.216,

[2024-10-23 13:22:43] ,3,53.527,466.387,-16.414,60.843,484.71,0,

[2024-10-23 13:22:58] ,2,7.918,431.653,155.045,17.738,466.453,-74.97,

[2024-10-23 13:23:17] ,2,15.3,478.317,-108.435,48.386,499.473,138.323,

[2024-10-23 13:23:54] ,2,15.695,471.264,-70.105,42.784,486.555,139.399,

[2024-10-23 13:24:09] ,1,35.336,431.653,16.157,55.768,467.112,10.905,

[2024-10-23 13:24:22] ,3,18.2,427.896,-55.008,-7.703,472.121,50.14,

[2024-10-23 13:24:39] ,1,-4.078,448.13,-39.872,55.834,473.769,-36.254,

[2024-10-23 13:25:01] ,1,37.379,449.58,-8.202,25.054,484.71,-63.204,

[2024-10-23 13:25:36] ,1,5.479,428.292,3.122,-3.089,447.801,26.565,

[2024-10-23 13:26:13] ,1,21.825,445.757,1.032,8.511,477.921,-59.3,

[2024-10-23 13:26:30] ,2,3.304,489.719,-147.885,13.125,499.407,-40.941,

[2024-10-23 13:30:49] ,1,42.915,440.221,-63.895,57.284,449.053,-45.36,

[2024-10-23 13:31:04] ,2,0.997,454.062,173.83,49.111,477.921,16.65,

[2024-10-23 13:31:19] ,1,45.486,461.576,45,57.35,468.694,-58.158,

[2024-10-23 13:31:35] ,1,-9.812,472.582,83.774,27.031,493.937,70.105,

[2024-10-23 13:31:50] ,2,33.359,447.076,87.421,29.734,460.521,67.537,

[2024-10-23 13:32:05] ,2,-9.548,431.917,68.102,8.577,435.476,-36.973,

[2024-10-23 13:32:20] ,2,17.079,439.892,-45,14.904,478.382,81.798,

[2024-10-23 13:32:35] ,2,19.847,479.371,-106.015,4.688,488.137,-99.293,

[2024-10-23 13:32:49] ,1,21.825,428.423,33.977,33.359,434.553,85.365,

[2024-10-23 13:33:04] ,1,-1.573,431.982,-32.115,18.529,459.73,-58.426,

[2024-10-23 13:33:19] ,1,20.902,464.673,-28.856,-8.098,473.637,-34.824,

[2024-10-23 13:33:34] ,1,27.888,455.842,-41.379,-12.25,487.873,-26.105,

[2024-10-23 13:33:48] ,2,35.534,472.319,68.009,46.013,478.514,8.785,

[2024-10-23 13:34:03] ,3,31.315,434.026,-48.935,46.079,460.653,72.773,

[2024-10-23 13:34:18] ,3,40.872,427.632,18.299,4.952,429.346,-86.583,

[2024-10-23 13:34:32] ,3,-5.462,469.089,-15.887,-1.178,480.623,-15.593,

[2024-10-23 13:34:46] ,1,16.42,426.117,68.102,58.8,436.201,20.556,

[2024-10-23 13:35:01] ,2,7.193,435.673,-103.536,44.168,463.751,-91.032,

[2024-10-23 13:35:16] ,2,12.861,430.73,-84.289,23.736,461.246,-54.881,

[2024-10-23 13:35:30] ,1,16.354,463.685,-25.88,39.554,467.244,-77.082,

[2024-10-23 13:35:45] ,1,37.84,470.539,-12.918,-12.975,491.564,-2.083,

[2024-10-23 13:35:59] ,1,13.256,438.112,-3.094,39.95,451.887,-5.609,

[2024-10-23 13:36:14] ,2,60.184,434.553,158.776,35.204,480.294,-69.624,

[2024-10-23 13:36:29] ,2,-5.528,436.135,106.157,15.563,441.869,26.105,

[2024-10-23 13:36:44] ,1,16.025,437.848,64.826,35.006,469.287,-85.914,

[2024-10-23 13:36:59] ,3,14.904,443.846,4.236,57.745,449.976,-73.996,

[2024-10-23 13:37:13] ,2,30.722,456.237,-115.419,61.106,472.319,21.038,

[2024-10-23 13:37:28] ,1,20.704,444.044,4.635,-0.716,446.351,43.531,

[2024-10-23 13:37:42] ,2,-9.35,456.962,93.608,26.834,469.551,-52.306,

[2024-10-23 13:37:57] ,3,40.543,427.962,90,59.327,439.892,29.427,

[2024-10-23 13:38:12] ,3,59.722,447.207,-64.006,45.288,497.43,28.848,

[2024-10-23 13:38:28] ,3,24.922,433.301,-55.008,59.59,455.973,19.109,

[2024-10-23 13:38:44] ,3,-1.903,438.442,54.66,18.397,491.762,79.771,

[2024-10-23 13:38:59] ,2,55.57,459.994,-122.981,-7.109,484.117,-159.261,

[2024-10-23 13:39:20] ,2,15.431,437.717,81.135,37.313,443.253,124.695,

[2024-10-23 13:39:42] ,2,52.34,447.01,104.664,51.681,495.848,151.348,

[2024-10-23 13:39:58] ,3,44.761,434.223,62.676,-7.703,467.639,47.099,

[2024-10-23 13:40:19] ,1,55.306,439.167,-29.105,0.47,473.176,13.416,

[2024-10-23 13:40:34] ,3,17.013,431.06,72.239,26.109,491.037,-55.713,

[2024-10-23 13:40:52] ,3,-6.978,431.06,-48.331,-10.866,457.094,-64.39,

[2024-10-23 13:41:14] ,1,29.734,453.205,9.293,22.747,468.957,57.019,

[2024-10-23 13:41:35] ,3,47.595,429.61,5.156,-12.316,446.68,-63.625,

[2024-10-23 13:42:02] ,1,3.963,437.98,-30.964,-10.998,476.405,84.806,

[2024-10-23 13:43:04] ,2,53.593,428.951,-79.509,-10.339,472.517,-14.664,

[2024-10-23 13:43:36] ,1,57.811,472.517,-23.54,37.709,497.891,-5.711,

[2024-10-23 13:44:25] ,4,48.32,445.692,25.641,35.27,492.882,-59.744,

[2024-10-23 13:44:39] ,4,55.965,427.237,-64.359,19.122,430.137,-5.711,

[2024-10-23 13:44:50] ,4,51.286,444.242,-49.733,7.786,479.173,10.808,

[2024-10-23 13:45:05] ,1,36.259,425.392,-32.115,42.981,468.892,46.824,

[2024-10-23 13:45:27] ,3,53.461,486.951,-26.565,32.502,493.673,-83.191,

[2024-10-23 13:45:51] ,4,39.29,457.292,35.838,19.584,461.576,0,

[2024-10-23 13:46:04] ,1,14.772,471.857,-81.293,13.19,499.341,73.051,

[2024-10-23 13:46:22] ,3,29.404,473.373,40.51,-8.559,483.985,25.224,

[2024-10-23 13:49:56] ,2,7.852,445.955,-180,20.309,485.171,-36.973,

[2024-10-23 13:49:58] ,2,18.99,449.712,-29.554,19.913,485.369,-32.115,

[2024-10-23 13:50:25] ,1,19.188,428.094,-30.518,45.881,474.56,40.992,

[2024-10-23 13:50:40] ,1,19.254,458.082,-46.081,-11.064,468.167,-10.905,

[2024-10-23 13:50:55] ,1,31.447,475.087,-87.955,39.422,494.86,35.838,

[2024-10-23 13:51:11] ,1,46.277,438.442,-45.365,-9.153,455.051,45,

[2024-10-23 13:51:26] ,2,60.184,450.173,67.62,25.45,455.842,170.2,

[2024-10-23 13:51:41] ,1,-8.032,448.394,55.305,28.284,465.596,-38.501,

[2024-10-23 13:51:56] ,3,15.893,425.985,90,-2.034,428.687,25.796,

[2024-10-23 13:52:11] ,2,20.77,436.794,-102.022,-10.866,447.867,82.235,

[2024-10-23 13:52:27] ,3,40.806,461.707,53.723,7.522,482.073,15.593,

[2024-10-23 13:52:48] ,1,60.25,447.735,62.745,24.988,465.992,-87.955,

[2024-10-23 13:53:04] ,1,22.088,461.839,60.698,10.225,471.726,-25.419,

[2024-10-23 13:53:19] ,1,36.39,456.698,34.114,55.24,471.396,-3.576,

[2024-10-23 13:53:33] ,3,-11.987,440.946,3.391,15.036,442.198,13.314,

[2024-10-23 13:53:48] ,1,18.661,438.376,-24.487,-7.966,472.978,-49.399,

[2024-10-23 13:54:04] ,2,8.379,428.885,116.565,15.036,485.698,70.589,

[2024-10-23 13:54:19] ,1,40.279,438.442,85.84,61.897,439.101,73.202,

[2024-10-23 13:54:34] ,1,22.484,475.417,-2.064,38.302,489.719,-32.55,

[2024-10-23 13:54:48] ,3,-11.262,470.605,-50.412,13.125,475.614,12.804,

[2024-10-23 13:55:03] ,3,46.475,476.801,59.621,57.284,493.739,-44.091,

[2024-10-23 13:55:21] ,3,-8.362,464.014,-63.435,36.325,492.816,50.14,

[2024-10-23 13:55:43] ,1,8.906,426.182,39.144,50.693,456.237,13.536,

[2024-10-23 13:55:57] ,1,28.218,478.976,11.915,38.565,497.826,-38.82,

[2024-10-23 13:56:12] ,4,14.772,451.689,174.341,2.711,453.205,65.726,

[2024-10-23 13:56:25] ,1,11.477,436.398,30.964,27.031,496.903,-33.261,

[2024-10-23 13:56:38] ,2,52.736,434.355,-53.44,37.445,459.598,78.085,

[2024-10-23 13:56:53] ,2,23.34,434.157,-142.4,47.793,488.994,-172.681,

[2024-10-23 13:57:08] ,3,-0.321,434.026,-44.091,-7.175,490.18,-9.884,

[2024-10-23 13:57:23] ,2,60.777,429.807,84.237,42.784,449.58,-55.597,

[2024-10-23 13:57:38] ,4,59.59,475.614,43.905,31.513,488.137,84.852,

[2024-10-23 13:57:50] ,3,21.495,447.932,-16.414,-10.932,453.798,43.794,

[2024-10-23 13:58:03] ,3,45.486,438.705,-23.703,7.72,485.567,39.259,

[2024-10-23 13:58:19] ,2,29.8,434.026,10.905,51.813,482.996,67.816,

[2024-10-23 13:58:41] ,3,5.479,441.21,-83.191,-6.121,484.578,61.928,

[2024-10-23 13:58:55] ,1,-8.625,434.355,-59.744,28.943,439.035,-83.26,

[2024-10-23 13:59:10] ,1,-8.823,425.062,27.734,-1.375,446.351,-12.529,

[2024-10-23 13:59:25] ,1,-11.064,472.517,30.964,37.709,496.507,45.735,

[2024-10-23 13:59:39] ,2,-11.987,433.696,-164.699,-3.484,458.939,125.838,

[2024-10-23 13:59:55] ,1,35.863,478.053,-27.255,34.479,492.223,69.928,

[2024-10-23 14:00:11] ,3,52.802,458.346,44.397,37.643,476.932,26.565,

[2024-10-23 14:00:29] ,2,43.179,435.014,81.724,54.515,481.546,66.666,

[2024-10-23 14:00:50] ,2,53.329,471.923,133.531,20.309,485.83,99.888,

[2024-10-23 14:01:12] ,1,-12.975,477.526,-86.359,58.668,483.326,-36.973,

[2024-10-23 14:01:27] ,4,12.993,459.598,23.131,28.613,487.28,-22.659,

[2024-10-23 14:01:39] ,1,24.065,456.764,-77.692,42.652,491.169,-53.746,

[2024-10-23 14:01:53] ,3,25.384,434.948,-68.993,3.37,464.542,-44.397,

[2024-10-23 14:02:09] ,1,19.32,444.769,80.707,-8.296,476.801,27.493,

[2024-10-23 14:02:28] ,1,27.031,485.237,-35.838,49.506,498.221,87.397,

[2024-10-23 14:02:43] ,2,59.261,433.696,2.083,-8.428,437.255,24.228,

[2024-10-23 14:02:57] ,1,-0.914,442.528,-66.46,43.772,450.173,-76.584,

[2024-10-23 14:03:12] ,2,12.597,450.569,-98.276,1.722,476.998,-149.036,

[2024-10-23 14:03:34] ,1,29.338,433.037,-33.977,1.722,465.794,75.838,

[2024-10-23 14:03:49] ,1,18.265,483.853,1.032,1.788,490.839,44.635,

[2024-10-23 14:04:03] ,1,4.161,444.769,58.325,16.75,483.589,-46.45,

[2024-10-23 14:04:18] ,2,7.193,441.935,-166.342,34.018,448.789,175.365,

[2024-10-23 14:04:36] ,1,2.118,447.735,-18.435,23.604,459.071,60.446,

[2024-10-23 14:04:51] ,2,14.113,432.576,36.142,-3.484,467.771,112.859,

[2024-10-23 14:05:05] ,2,49.902,454.128,-124.824,-10.998,476.735,-58.768,

[2024-10-23 14:05:21] ,2,48.386,430.335,171.135,56.361,457.028,85.84,

[2024-10-23 14:05:39] ,2,-1.969,448.657,20.739,55.043,455.776,-67.141,

[2024-10-23 14:06:03] ,3,6.468,426.182,35.587,6.336,447.273,-19.109,

[2024-10-23 14:06:20] ,1,1.129,476.142,-4.16,37.115,482.996,-32.55,

[2024-10-23 14:06:34] ,1,37.709,457.687,14.036,2.315,474.428,-56.023,

[2024-10-23 14:06:51] ,4,-11.064,428.028,55.733,7.456,435.146,36.254,

[2024-10-23 14:07:10] ,1,11.938,481.612,76.967,55.834,491.96,45,

[2024-10-23 14:07:24] ,1,0.338,459.928,-39.144,22.747,493.541,-30.256,

[2024-10-23 14:07:38] ,3,16.025,440.617,-2.99,60.513,491.894,59.036,

[2024-10-23 14:07:52] ,1,8.379,471.33,35.952,52.868,473.967,-39.872,

[2024-10-23 14:08:16] ,1,57.415,462.432,-37.694,49.44,476.076,12.918,

[2024-10-23 14:08:30] ,3,-6.516,442.528,-61.526,9.368,459.005,6.759,

[2024-10-23 14:08:45] ,3,-10.8,451.228,-88.717,0.338,471.33,64.39,

[2024-10-23 14:09:07] ,3,34.611,439.957,45.9,0.997,444.703,25.043,

[2024-10-23 14:09:24] ,2,24,471.462,-108.435,44.3,477.987,-26.105,

[2024-10-23 14:09:42] ,3,16.156,442.264,-75.343,-8.889,465.003,14.243,

[2024-10-23 14:10:00] ,2,53.263,441.144,2.626,44.893,457.226,177.936,

[2024-10-23 14:10:15] ,2,-5.989,438.639,31.95,14.377,481.678,-85.878,

[2024-10-23 14:10:32] ,3,47.463,465.135,53.383,19.847,465.398,44.7,

[2024-10-23 14:10:53] ,4,49.506,464.607,6.17,22.154,469.155,44.64,

[2024-10-23 14:11:07] ,3,-9.35,429.478,-73.055,-11.13,458.61,64.204,

[2024-10-23 14:11:28] ,1,60.909,426.776,-61.348,6.797,429.807,0,

[2024-10-23 14:11:42] ,3,21.561,467.969,37.208,4.952,484.644,-48.296,

[2024-10-23 14:12:04] ,1,21.759,436.794,12.918,46.672,461.378,58.595,

[2024-10-23 14:12:18] ,2,9.236,446.944,144.462,-2.43,450.964,0,

[2024-10-23 14:12:33] ,1,60.645,453.007,-71.565,21.825,455.578,10.305,

[2024-10-23 14:12:52] ,3,1.261,450.503,-5.541,51.088,476.142,84.036,

[2024-10-23 14:13:06] ,2,5.281,492.751,37.284,20.77,495.98,-154.134,

[2024-10-23 14:13:36] ,2,10.554,441.012,73.843,31.909,442.857,-55.305,

[2024-10-23 14:13:51] ,2,6.204,438.376,-83.199,17.606,453.007,-75.964,

[2024-10-23 14:14:07] ,2,13.718,496.507,-39.872,56.69,496.639,-110.739,

[2024-10-23 14:14:28] ,2,-2.694,429.544,-10.397,-0.189,472.187,-97.253,

[2024-10-23 14:14:50] ,2,-11.13,426.314,30.784,-1.112,490.378,-168.486,

[2024-10-23 14:15:05] ,2,32.172,427.105,-29.809,46.211,438.837,-62.969,

[2024-10-23 14:15:19] ,2,28.35,492.816,65.985,-3.089,497.891,-92.083,

[2024-10-23 14:15:37] ,2,-8.164,456.303,-170.112,17.211,471.857,59.3,

[2024-10-23 14:16:00] ,2,27.756,440.287,-76.464,27.031,495.651,99.377,

[2024-10-23 14:16:16] ,2,0.075,454.985,-171.649,6.863,466.717,-169.095,

[2024-10-23 14:16:38] ,2,28.943,426.314,66.251,46.606,454.062,158.776,

[2024-10-23 14:17:03] ,1,58.8,447.932,66.46,-2.628,478.778,43.905,

[2024-10-23 14:17:21] ,1,18.727,445.494,-49.343,44.893,462.432,-13.536,

[2024-10-23 14:17:42] ,1,24.659,447.537,58.595,8.247,485.435,66.194,

[2024-10-23 14:17:57] ,1,60.975,438.442,-84.806,-6.582,481.876,-34.695,

[2024-10-23 14:18:12] ,3,16.354,465.53,-24.092,57.943,497.957,-39.259,

[2024-10-23 14:18:28] ,1,56.229,436.135,56.454,-0.255,486.16,-60.895,

[2024-10-23 14:18:51] ,1,19.913,433.894,30.964,61.04,497.232,-43.152,

[2024-10-23 14:19:07] ,1,-3.616,483.392,5.194,51.22,483.919,82.747,

[2024-10-23 14:19:23] ,2,-7.769,444.967,-72.553,38.961,483.721,-76.967,

[2024-10-23 14:19:44] ,2,24.329,465.596,-99.293,26.768,482.93,-141.582,

[2024-10-23 14:20:00] ,1,7.522,430.928,-44.63,37.709,435.739,80.112,

[2024-10-23 14:20:23] ,1,39.29,427.105,40.206,21.825,449.712,-43.919,

[2024-10-23 14:20:37] ,1,-6.516,432.642,23.334,-12.184,489.653,-8.351,

[2024-10-23 14:20:52] ,1,20.77,425.128,0,3.04,480.623,48.281,

[2024-10-23 14:21:10] ,1,3.172,479.964,87.936,41.334,491.103,-12.417,

[2024-10-23 14:21:28] ,1,42.52,454.589,-12.417,60.381,468.43,-39.218,

[2024-10-23 14:21:43] ,2,34.347,439.298,-97.765,-4.605,444.835,9.888,

[2024-10-23 14:22:06] ,2,11.477,460.851,-34.403,41.4,493.344,-137.203,

[2024-10-23 14:22:22] ,1,18.793,459.269,-81.724,49.704,467.969,71.075,

[2024-10-23 14:22:46] ,4,1.459,444.044,-26.333,4.359,475.482,49.733,

[2024-10-23 14:23:00] ,1,57.284,446.285,-22.184,4.622,463.948,58.158,

[2024-10-23 14:23:15] ,2,27.69,472.648,-24.955,57.547,486.951,-178.958,

[2024-10-23 14:23:30] ,1,36.654,438.705,48.281,47.134,447.537,-1.042,

[2024-10-23 14:23:48] ,3,21.759,452.019,-13.727,49.506,491.037,64.573,

[2024-10-23 14:24:06] ,1,22.813,467.969,-60.001,17.145,483.26,18.273,

[2024-10-23 14:24:28] ,2,32.568,452.678,-90,-6.714,482.337,-163.698,

[2024-10-23 14:24:44] ,2,8.84,426.71,-110.251,15.959,497.43,34.695,

[2024-10-23 14:25:06] ,2,13.388,466.98,59.3,38.368,467.31,-109.895,

[2024-10-23 14:25:23] ,2,19.584,460.126,3.094,39.356,489.719,16.798,

[2024-10-23 14:25:39] ,2,55.9,449.251,142.716,-6.121,451.228,164.197,

[2024-10-23 14:25:57] ,2,55.438,481.876,-8.351,42.784,483.194,-107.292,

[2024-10-23 14:26:15] ,2,-7.044,477.13,-38.012,31.184,480.228,21.038,

[2024-10-23 14:26:36] ,1,3.436,462.169,-23.806,15.959,484.446,-2.556,

[2024-10-23 14:26:52] ,2,58.668,427.369,-19.584,2.052,456.237,-94.16,

[2024-10-23 14:27:06] ,3,-3.155,443.187,56.904,1.722,491.498,58.309,

[2024-10-23 14:27:22] ,2,1.656,435.344,119.809,43.64,441.671,15.164,

[2024-10-23 14:27:37] ,2,39.159,432.905,166.967,23.077,438.046,33.546,

[2024-10-23 14:27:51] ,3,-9.746,443.055,2.583,50.363,449.646,-64.957,

[2024-10-23 14:28:06] ,3,56.69,469.353,18.705,12.004,496.046,17.227,

[2024-10-23 14:28:23] ,2,5.611,437.387,-158.587,27.031,494.794,45.735,

[2024-10-23 14:28:40] ,2,61.634,433.96,-19.093,6.468,465.992,-119.105,

[2024-10-23 14:29:01] ,2,22.22,456.962,51.9,12.993,474.955,-9.293,

[2024-10-23 14:29:15] ,3,37.379,428.16,45,21.363,432.971,83.565,

[2024-10-23 14:29:29] ,2,40.806,443.978,-158.962,17.079,496.771,161.075,

[2024-10-23 14:29:45] ,4,41.729,428.094,2.064,30.59,497.298,-38.418,

[2024-10-23 14:29:57] ,1,30.129,425.655,16.798,49.572,440.089,-80.112,

[2024-10-23 14:30:11] ,3,13.454,425.26,19.911,-11.394,428.357,-27.337,

[2024-10-23 14:30:32] ,3,18.265,433.169,45,-10.603,436.003,-60.573,

[2024-10-23 14:30:49] ,1,15.365,460.982,-15.524,46.277,470.737,-56.31,

[2024-10-23 14:31:04] ,3,9.697,433.828,63.435,-5.396,480.821,-63.246,

[2024-10-23 14:31:19] ,2,43.377,453.798,-28.652,-12.844,476.537,-180,

[2024-10-23 14:31:39] ,1,14.838,430.335,-75.964,-3.089,477.064,-39.144,

[2024-10-23 14:31:54] ,3,16.42,477.855,7.651,3.502,499.935,-30.01,

[2024-10-23 14:32:15] ,1,46.804,432.971,-88.452,27.427,446.087,-72.372,

[2024-10-23 14:32:32] ,1,23.538,426.578,-66.666,29.668,480.887,69.146,

[2024-10-23 14:32:47] ,3,8.379,457.885,62.48,4.556,494.003,-10.724,

[2024-10-23 14:33:09] ,3,2.579,468.562,-50.14,14.64,482.007,52.199,

[2024-10-23 14:33:27] ,1,43.575,439.628,-48.621,25.977,458.807,81.293,

[2024-10-23 14:33:49] ,1,19.847,443.648,56.454,-1.441,471.857,-11.915,

[2024-10-23 14:34:04] ,1,58.47,437.057,-81.215,19.056,445.955,57.45,

[2024-10-23 14:34:19] ,1,51.286,428.555,33.546,6.006,448.657,-29.105,

[2024-10-23 14:34:34] ,1,2.184,429.214,67.62,23.604,435.739,16.157,

[2024-10-23 14:34:49] ,1,8.181,460.982,-70.105,38.697,463.619,47.175,

[2024-10-23 14:35:04] ,2,10.027,430.401,153.435,2.909,454.985,-91.548,

[2024-10-23 14:35:20] ,1,17.738,426.051,-23.334,17.409,479.701,-81.798,

[2024-10-23 14:35:38] ,2,17.475,431.521,133.905,-12.712,464.607,-94.677,

[2024-10-23 14:35:54] ,2,21.297,466.057,111.516,47.463,471.594,19.411,

[2024-10-23 14:36:09] ,4,46.804,443.385,44.265,56.559,487.807,-38.418,

[2024-10-23 14:36:22] ,3,32.634,473.242,-2.526,11.675,480.36,35.34,

[2024-10-23 14:36:43] ,4,13.586,427.764,-4.677,-0.65,441.144,74.836,

[2024-10-23 14:36:55] ,1,15.959,451.426,-46.45,30.261,471.989,61.595,

[2024-10-23 14:37:11] ,4,34.479,444.242,-17.784,61.04,449.119,-84.852,

[2024-10-23 14:37:23] ,4,46.54,463.751,106.65,-10.603,474.823,33.977,

[2024-10-23 14:37:34] ,1,50.165,459.796,26.565,-1.573,476.932,-20.556,

[2024-10-23 14:37:55] ,1,48.254,453.732,9.8,6.468,477.46,-60.001,

[2024-10-23 14:38:09] ,2,38.5,447.273,109.895,17.87,459.532,-146.023,

[2024-10-23 14:38:27] ,2,32.897,439.496,-6.226,17.672,441.539,-147.609,

[2024-10-23 14:38:42] ,3,30.195,433.103,19.799,-11.13,488.467,89.138,

[2024-10-23 14:39:01] ,1,-10.537,448.46,-53.44,44.563,481.744,87.421,

[2024-10-23 14:39:23] ,1,17.672,472.517,62.745,13.85,491.432,37.284,

[2024-10-23 14:39:44] ,2,58.075,433.696,-100.491,0.404,450.767,-145.305,

[2024-10-23 14:40:05] ,1,23.406,429.28,70.416,17.936,458.544,-72.86,

[2024-10-23 14:40:31] ,2,15.365,465.86,-120.256,2.315,497.298,-136.109,

[2024-10-23 14:40:48] ,2,48.056,425.985,-174.758,-12.58,431.126,93.641,

[2024-10-23 14:41:05] ,2,-1.244,451.557,-133.152,23.604,488.73,152.745,

[2024-10-23 14:41:23] ,4,59.92,452.019,-72.216,-10.669,486.423,-32.115,

[2024-10-23 14:41:42] ,2,35.27,443.714,20.072,44.365,447.537,-170.707,

[2024-10-23 14:41:56] ,2,58.009,458.807,-173.32,24.593,466.585,-116.105,

[2024-10-23 14:42:10] ,2,2.975,465.728,174.806,-7.439,476.142,-132.064,

[2024-10-23 14:42:25] ,2,3.172,451.096,-126.56,27.493,498.814,30.256,

[2024-10-23 14:45:04] ,1,60.447,434.355,-78.486,16.486,448.657,-49.343,

[2024-10-23 14:45:18] ,2,53.461,464.014,-5.194,48.452,481.085,-96.74,

[2024-10-23 14:45:33] ,2,20.836,435.937,94.122,57.481,479.964,105.662,

[2024-10-23 14:45:55] ,1,0.009,454.985,6.68,39.159,455.38,50.782,

[2024-10-23 14:46:13] ,1,7.654,431.851,-27.493,43.904,489.191,-7.765,

[2024-10-23 14:46:27] ,2,-3.353,440.946,-120.256,37.643,459.137,-78.69,

[2024-10-23 14:46:44] ,1,13.454,437.189,-73.843,27.427,478.251,56.31,

[2024-10-23 14:47:03] ,1,-9.746,439.43,41.332,47.068,470.276,12.918,

[2024-10-23 14:47:25] ,1,60.513,450.503,-42.797,24.79,463.751,-69.146,

[2024-10-23 14:47:39] ,1,55.9,473.835,-46.45,20.243,490.114,13.536,

[2024-10-23 14:47:54] ,2,52.538,441.869,172.747,11.081,450.371,-167.082,

[2024-10-23 14:48:11] ,2,28.086,448.921,149.56,40.872,460.785,118.163,

[2024-10-23 14:48:26] ,1,27.625,446.482,65.726,61.7,447.932,29.809,

[2024-10-23 14:48:40] ,3,57.613,426.512,-52.874,26.504,437.717,51.009,

[2024-10-23 14:48:57] ,3,-7.044,453.073,77.005,4.688,473.835,25.809,

[2024-10-23 14:49:13] ,3,7.654,458.61,-15.366,-10.8,480.623,-17.227,

[2024-10-23 14:49:27] ,1,43.113,466.189,-52.214,41.993,496.046,-78.486,

[2024-10-23 14:49:49] ,3,28.745,445.626,8.13,49.704,453.139,2.121,

[2024-10-23 14:50:04] ,3,10.422,426.051,68.749,-11.987,452.151,-29.427,

[2024-10-23 14:50:21] ,2,35.27,453.798,-50.458,14.113,488.401,85.878,

[2024-10-23 14:50:39] ,3,29.075,425.26,35.838,-8.098,446.944,-15.068,

[2024-10-23 14:50:57] ,3,7.193,428.951,29.219,56.625,493.673,-29.638,

[2024-10-23 14:51:18] ,1,6.138,436.662,-15.662,-12.184,487.873,59.744,

[2024-10-23 14:51:33] ,3,20.309,459.203,47.981,45.486,471.923,-51.274,

[2024-10-23 14:51:49] ,3,46.343,430.203,33.808,-6.912,431.917,74.407,

[2024-10-23 14:52:21] ,1,16.75,444.11,6.74,33.556,493.805,-6.226,

[2024-10-23 14:52:37] ,2,61.04,438.837,66.46,16.09,450.107,11.915,

[2024-10-23 14:52:51] ,1,23.604,461.114,30.7,57.35,484.051,46.824,

[2024-10-23 14:53:06] ,2,40.213,478.58,110.376,21.165,484.38,-72.708,

[2024-10-23 14:53:23] ,3,0.931,427.171,51.009,8.972,452.151,53.815,

[2024-10-23 14:53:37] ,3,56.163,429.676,-56.669,60.381,481.217,-29.055,

[2024-10-23 14:53:53] ,2,16.881,444.637,29.809,35.27,496.112,-47.553,

[2024-10-23 14:54:14] ,3,33.754,435.739,71.295,-8.823,477.328,30.596,

[2024-10-23 14:54:30] ,1,35.468,458.478,-10.808,56.822,480.492,-51.18,

[2024-10-23 14:54:48] ,1,-4.473,434.289,-39.872,48.32,462.96,-24.274,

[2024-10-23 14:55:03] ,2,55.438,429.939,-71.4,3.304,498.88,98.865,

[2024-10-23 14:55:25] ,2,45.947,449.251,-45,12.927,452.217,125.538,

[2024-10-23 14:55:41] ,1,21.89,443.648,40.657,36.061,443.714,-12.529,

[2024-10-23 14:55:56] ,2,5.281,483.392,139.008,47.727,491.63,94.635,

[2024-10-23 14:56:10] ,1,17.738,443.517,68.484,-4.934,458.214,3.122,

[2024-10-23 14:56:32] ,2,35.138,440.485,-32.829,53.725,442.001,3.122,

[2024-10-23 14:56:46] ,2,5.215,456.567,84.289,37.775,475.021,14.664,

[2024-10-23 14:57:02] ,1,12.927,427.698,36.142,-10.8,494.201,-38.741,

[2024-10-23 14:57:18] ,2,46.804,455.842,-42.447,51.22,482.93,175.878,

[2024-10-23 14:57:43] ,1,9.236,471.726,16.157,51.747,494.86,-13.536,

[2024-10-23 14:58:13] ,2,53.856,487.412,-76.967,-0.65,488.335,20.739,

[2024-10-23 14:58:35] ,1,-7.307,447.207,26.796,42.85,476.998,-62.745,

[2024-10-23 14:58:50] ,1,18.859,442.067,-84.341,40.081,455.842,70.105,

[2024-10-23 14:59:13] ,1,25.581,428.819,8.785,3.7,443.253,21.705,

[2024-10-23 14:59:27] ,1,-3.419,431.06,78.589,7.984,467.573,65.726,

[2024-10-23 14:59:42] ,1,51.352,429.873,0,60.315,499.407,-20.251,

[2024-10-23 15:00:00] ,1,57.679,441.935,-59.3,9.565,442.198,40.267,

[2024-10-23 15:00:17] ,1,46.672,445.23,-10.905,24.856,473.307,-71.727,

[2024-10-23 15:00:35] ,3,7.193,440.682,-23.532,35.336,444.901,12.065,

[2024-10-23 15:00:49] ,2,47.859,436.53,21.705,-7.307,458.807,-73.698,

[2024-10-23 15:01:11] ,1,31.118,491.366,60.446,12.334,495.453,-41.719,

[2024-10-23 15:01:26] ,3,30.656,437.123,-69.146,-4.341,480.426,-48.614,

[2024-10-23 15:01:43] ,2,60.315,434.355,103.536,9.961,467.376,-25.419,

[2024-10-23 15:02:00] ,1,60.579,467.376,-26.796,51.879,477.13,-25.419,

[2024-10-23 15:02:14] ,3,53.131,451.492,-57.366,10.29,456.171,-78.354,

[2024-10-23 15:02:30] ,2,40.872,434.553,110.739,61.7,454.721,152.745,

[2024-10-23 15:02:52] ,1,40.477,428.423,63.204,14.706,440.419,4.16,

[2024-10-23 15:03:07] ,3,-12.712,467.903,-83.14,2.447,474.164,5.964,

[2024-10-23 15:03:22] ,3,18.793,431.192,65.344,34.611,467.639,-83.241,

[2024-10-23 15:03:37] ,3,57.877,460.653,-69.394,6.204,466.321,52.199,

[2024-10-23 15:03:52] ,3,30.986,434.421,46.206,1.59,442.462,-7.284,

[2024-10-23 15:04:08] ,3,-2.694,433.63,-25.043,-4.737,454.326,81.027,

[2024-10-23 15:04:31] ,1,28.745,432.576,-3.608,-11.525,473.835,89.479,

[2024-10-23 15:04:46] ,3,18.793,468.364,-71.834,6.534,488.994,-50.14,

[2024-10-23 15:05:00] ,1,43.047,431.126,45.37,40.081,467.376,39.218,

[2024-10-23 15:05:16] ,3,-11.262,473.11,90,61.436,476.537,19.109,

[2024-10-23 15:05:31] ,2,56.954,473.637,-137.553,39.752,499.012,-26.796,

[2024-10-23 15:05:49] ,3,21.034,427.303,-83.991,16.618,498.023,-22.917,

[2024-10-23 15:06:11] ,1,45.42,474.823,-10.305,1.788,480.426,27.711,

[2024-10-23 15:06:25] ,2,47.331,451.887,-122.829,46.409,483.919,-28.405,

[2024-10-23 15:06:42] ,1,42.981,425.326,-62.745,57.152,494.332,-36.87,

[2024-10-23 15:06:59] ,2,-8.362,433.762,-112.859,45.486,481.282,-94.122,

[2024-10-23 15:07:21] ,2,43.772,449.646,-140.458,-4.012,467.969,165.466,

[2024-10-23 15:07:38] ,1,57.745,427.303,-9.888,23.077,436.003,28.652,

[2024-10-23 15:07:52] ,1,25.186,477.789,-39.218,4.886,497.628,75.336,

[2024-10-23 15:08:15] ,1,33.425,430.335,-69.444,10.027,447.273,-80.789,

[2024-10-23 15:08:30] ,2,56.229,469.089,124.403,3.963,498.221,170.112,

[2024-10-23 15:08:45] ,2,17.54,482.403,176.392,46.079,498.682,-180,

[2024-10-23 15:09:10] ,2,14.706,471.528,137.936,-2.364,483.194,-124.695,

[2024-10-23 15:09:25] ,2,53.988,446.153,34.267,4.688,454.326,-110.556,

[2024-10-23 15:09:43] ,2,11.279,426.842,-150.642,49.375,461.839,0,

[2024-10-23 15:09:59] ,2,42.718,451.294,-92.579,-9.219,482.798,-62.745,

[2024-10-23 15:10:13] ,1,29.206,431.785,-59.3,41.663,480.426,-47.899,

[2024-10-23 15:10:38] ,2,1.788,462.564,-45,26.306,475.021,59.3,

[2024-10-23 15:10:53] ,1,-9.416,437.782,-76.464,4.029,448.723,-50.064,

[2024-10-23 15:11:07] ,2,53.461,477.723,69.928,-2.43,481.151,49.399,

[2024-10-23 15:11:22] ,1,34.875,429.148,-70.416,-9.153,442.396,15.803,

[2024-10-23 15:11:40] ,1,48.715,452.282,79.695,-2.166,497.694,42.414,

[2024-10-23 15:11:55] ,2,1.525,482.007,-11.411,39.884,485.039,155.513,

[2024-10-23 15:12:24] ,2,-11.855,444.703,-140.128,2.579,479.635,4.122,

[2024-10-23 15:12:40] ,1,37.709,479.371,-8.707,46.606,492.091,35.417,

[2024-10-23 15:12:55] ,4,36.522,455.973,94.122,0.075,474.098,146.31,

[2024-10-23 15:13:08] ,4,39.686,453.667,-88.479,47.002,467.244,87.444,

[2024-10-23 15:13:21] ,4,9.302,463.421,-57.885,1.92,488.335,88.438,

[2024-10-23 15:13:33] ,2,25.977,469.155,95.148,38.104,489.126,149.036,

[2024-10-23 15:14:01] ,1,-11.262,464.014,-49.399,29.8,483.326,79.095,

[2024-10-23 15:14:16] ,1,14.047,462.498,-3.094,-11.064,468.364,-81.649,

[2024-10-23 15:14:31] ,1,24.725,440.485,11.411,21.825,487.478,73.202,

[2024-10-23 15:16:45] ,1,51.484,425.128,-20.072,19.452,429.214,-1.042,

[2024-10-23 15:16:48] ,1,53.988,427.764,-39.144,-1.837,437.519,35.838,

[2024-10-23 15:17:02] ,2,43.772,431.587,-141.259,18.595,474.494,6.68,

[2024-10-23 15:17:17] ,1,35.006,438.705,-1.042,15.234,442.33,60.191,

[2024-10-23 15:17:33] ,1,43.575,437.123,-1.042,48.847,496.507,-31.95,

[2024-10-23 15:17:50] ,2,54.054,443.451,-92.064,55.834,482.732,-67.62,

[2024-10-23 15:18:04] ,4,33.161,426.182,-58.325,23.67,485.567,-3.094,

[2024-10-23 15:29:03] ,1,30.59,449.251,-54.048,46.804,466.123,-62.289,

[2024-10-23 15:29:05] ,1,-6.846,427.369,-4.677,48.056,440.617,-44.635,

[2024-10-23 15:29:19] ,1,53.593,458.017,-3.094,3.37,465.464,-44.275,

[2024-10-23 15:29:34] ,1,30.656,478.778,12.529,60.777,478.976,-48.668,

[2024-10-23 15:29:49] ,2,34.875,441.935,-156.46,56.097,475.153,139.733,

[2024-10-23 15:30:05] ,1,-9.878,444.835,34.695,-7.769,465.53,-71.565,

[2024-10-23 15:30:20] ,2,40.345,458.807,153.667,21.495,460.982,-51.18,

[2024-10-23 15:30:35] ,2,-7.109,449.646,-25.174,9.17,491.696,38.333,

[2024-10-23 15:30:52] ,4,10.62,426.973,-50.856,43.377,470.078,-38.1,

[2024-10-23 15:31:11] ,1,-7.439,432.707,12.642,25.186,471.067,-6.68,

[2024-10-23 15:31:24] ,2,52.538,438.376,23.54,44.629,488.796,92.083,

[2024-10-23 15:31:49] ,1,11.609,481.612,88.452,7.325,499.21,-84.806,

[2024-10-23 15:32:06] ,1,43.377,479.173,8.785,48.518,498.682,32.115,

[2024-10-23 15:32:22] ,2,22.615,445.164,-180,-3.616,449.317,41.719,

[2024-10-23 15:32:45] ,2,13.718,431.455,133.891,17.87,464.739,150.895,

[2024-10-23 15:33:03] ,2,12.136,451.294,36.142,57.877,487.676,-143.027,

[2024-10-23 15:33:17] ,1,27.361,465.926,1.032,28.086,496.639,-15.164,

[2024-10-23 15:33:39] ,1,-1.244,451.36,76.464,0.272,469.155,-38.1,

[2024-10-23 15:33:54] ,2,38.434,455.907,75.964,41.663,493.607,-36.973,

[2024-10-23 15:34:08] ,1,57.679,439.035,-4.122,13.322,461.905,-26.105,

[2024-10-23 15:34:22] ,1,-9.416,453.601,73.202,59.656,496.639,14.664,

[2024-10-23 15:34:39] ,4,13.125,427.435,-166.342,-9.482,480.294,138.668,

[2024-10-23 15:35:03] ,2,7.984,458.082,-180,21.495,478.119,86.906,

[2024-10-23 15:35:17] ,4,43.245,444.11,79.603,37.643,489.785,37.381,

[2024-10-23 15:35:31] ,1,47.331,460.521,12.918,22.286,494.662,-10.905,

[2024-10-23 15:35:51] ,1,0.8,462.696,42.447,41.861,483.062,25.419,

[2024-10-23 15:36:05] ,1,-11.921,444.307,-3.094,10.62,455.578,-13.536,

[2024-10-23 15:36:19] ,1,20.77,427.171,49.008,-7.307,447.273,45,

[2024-10-23 15:36:33] ,1,9.961,429.873,35.417,-12.646,434.223,-59.482,

[2024-10-23 15:36:48] ,2,40.279,441.21,-11.514,27.097,458.807,-180,

[2024-10-23 15:37:03] ,1,0.668,476.537,20.556,49.375,486.226,4.122,

[2024-10-23 15:37:17] ,4,0.14,430.269,21.898,2.645,462.432,27.493,

[2024-10-23 15:37:28] ,2,-3.616,451.887,-37.694,20.902,470.144,-59.3,

[2024-10-23 15:37:44] ,2,-5.989,444.11,-78.486,36.061,448.46,-144.583,

[2024-10-23 15:37:59] ,1,56.954,457.028,4.677,61.304,498.353,-51.582,

[2024-10-23 15:38:29] ,2,24.527,429.873,153.895,59.986,476.01,105.662,

[2024-10-23 15:38:44] ,2,50.034,453.667,32.829,12.663,481.019,-93.094,

[2024-10-23 15:38:59] ,1,27.295,475.021,-43.55,54.713,485.303,-81.135,

[2024-10-23 15:39:17] ,2,53.065,469.353,-160.105,35.929,474.823,57.45,

[2024-10-23 15:39:35] ,2,27.361,426.051,-109.093,-6.912,432.905,-95.194,

[2024-10-23 15:40:00] ,2,59.261,456.962,-143.44,-3.023,496.178,-175.323,

[2024-10-23 15:40:21] ,1,8.247,443.121,3.094,36.588,481.678,-79.695,

[2024-10-23 15:40:43] ,1,25.12,435.673,-31.675,47.727,445.098,-36.973,

[2024-10-23 15:40:57] ,1,9.038,468.76,81.724,-7.439,481.612,26.796,

[2024-10-23 15:41:13] ,1,53.988,433.498,68.102,-2.957,484.051,-63.435,

[2024-10-23 15:41:35] ,1,32.765,443.714,52.306,5.215,445.032,62.049,

[2024-10-23 15:41:51] ,2,50.231,433.894,132.797,-1.705,467.046,-97.319,

[2024-10-23 15:42:08] ,1,40.872,449.251,22.859,60.645,449.778,-13.033,

[2024-10-23 15:42:22] ,1,15.497,470.671,-80.2,34.413,474.823,-80.789,

[2024-10-23 15:42:37] ,1,35.336,464.41,-23.806,23.868,484.71,-40.992,

[2024-10-23 15:42:58] ,1,41.4,439.826,26.333,34.084,461.642,-41.379,

[2024-10-23 15:43:13] ,1,-0.782,459.467,55.305,19.979,498.551,43.531,

[2024-10-23 15:43:35] ,1,32.7,469.155,-1.534,-12.975,473.703,83.26,

[2024-10-23 15:43:49] ,1,36.786,449.976,0.516,53.461,463.948,-16.65,

[2024-10-23 15:44:05] ,1,-3.946,455.051,-67.816,56.822,468.167,2.579,

[2024-10-23 15:44:20] ,4,43.377,464.476,-12.918,48.979,495.453,56.454,

[2024-10-23 15:44:46] ,2,11.872,426.644,-13.151,16.947,476.932,-156.666,

[2024-10-23 15:45:00] ,1,2.052,485.369,-23.334,59.327,488.994,-75.838,

[2024-10-23 15:45:22] ,1,21.956,451.821,-4.122,5.809,452.81,-12.022,

[2024-10-23 15:45:37] ,1,34.281,477.921,25.88,39.818,495.585,11.915,

[2024-10-23 15:45:51] ,2,47.661,470.342,1.042,32.831,489.785,66.938,

[2024-10-23 15:46:13] ,2,0.734,463.487,-163.202,46.211,485.171,132.447,

[2024-10-23 15:46:32] ,2,21.165,429.544,73.698,14.904,456.303,-10.905,

[2024-10-23 15:46:53] ,1,39.356,452.414,-76.464,-9.35,480.03,1.577,

[2024-10-23 15:47:09] ,2,31.447,439.364,-159.928,44.497,465.464,72.216,

[2024-10-23 15:47:32] ,2,26.702,432.905,163.202,-10.8,464.673,-32.115,

[2024-10-23 15:47:47] ,2,30.525,475.812,-99.8,15.365,488.203,130.992,

[2024-10-23 15:48:09] ,1,57.415,474.428,-76.464,10.093,477.13,46.095,

[2024-10-23 15:48:24] ,2,7.061,430.401,-76.464,25.45,455.314,-102.417,

[2024-10-23 15:48:38] ,2,43.64,463.751,67.816,-4.144,484.842,-174.806,

[2024-10-23 15:48:56] ,2,24.461,452.876,-26.796,30.129,489.06,-73.202,

[2024-10-23 15:49:19] ,2,-8.23,437.123,-14.797,31.777,459.335,-160.589,

[2024-10-23 15:49:37] ,1,57.284,427.039,-39.472,-8.494,475.219,33.977,

[2024-10-23 15:49:53] ,2,-5.857,449.844,-128.741,12.663,460.917,137.203,

[2024-10-23 15:50:15] ,1,27.559,451.426,53.027,26.9,492.091,-65.513,

[2024-10-23 15:50:37] ,1,34.281,431.06,-37.284,-11.394,450.767,-62.507,

[2024-10-23 15:50:52] ,1,31.645,449.448,-46.45,38.763,482.535,-34.695,

[2024-10-23 15:51:07] ,2,-10.537,433.498,-95.763,-1.771,474.626,-96.74,

[2024-10-23 15:51:21] ,1,47.727,449.844,47.899,29.14,493.41,51.18,

[2024-10-23 15:51:37] ,2,56.559,445.296,60.895,50.759,476.142,137.553,

[2024-10-23 15:51:54] ,2,27.031,438.112,55.305,35.138,450.107,18.925,

[2024-10-23 15:52:16] ,1,20.704,426.71,50.528,55.636,497.232,-60.895,

[2024-10-23 15:52:34] ,1,46.145,438.771,-2.579,48.584,457.16,25.641,

[2024-10-23 15:52:56] ,1,-9.284,474.362,9.377,4.293,476.801,-36.254,

[2024-10-23 15:53:12] ,1,49.902,442.66,-69.928,14.575,466.914,-59.744,

[2024-10-23 15:53:30] ,1,23.736,425.062,-73.843,36.127,479.173,87.936,

[2024-10-23 15:54:09] ,1,-12.316,442.067,-73.698,29.865,452.48,-78.19,

[2024-10-23 15:54:24] ,1,-8.559,437.782,87.936,-9.219,460.851,46.824,

[2024-10-23 15:54:38] ,2,61.436,429.082,66.46,11.543,479.635,-68.484,

[2024-10-23 15:54:55] ,1,26.372,425.26,-60.895,45.881,444.439,-70.589,

[2024-10-23 15:55:17] ,2,54.977,490.246,-46.109,28.943,496.771,115.174,

[2024-10-23 15:55:34] ,1,41.531,483.919,31.232,14.311,488.401,-27.951,

[2024-10-23 15:55:55] ,1,19.32,461.839,7.189,6.402,484.512,73.698,

[2024-10-23 15:56:11] ,1,4.82,434.487,7.253,-4.209,453.732,7.765,

[2024-10-23 15:57:00] ,2,5.611,427.237,26.095,59.788,476.142,31.675,

[2024-10-23 15:57:26] ,1,9.697,456.435,24.487,53.79,462.432,-48.281,

[2024-10-23 15:58:12] ,2,7.852,426.314,94.16,36.588,440.617,46.095,

[2024-10-23 15:58:26] ,2,29.8,434.355,-59.482,-8.889,487.873,51.667,

[2024-10-23 15:58:51] ,1,57.481,443.517,-33.261,-2.628,489.323,-78.589,

[2024-10-23 15:59:09] ,2,5.215,442.132,-25.641,-6.648,448.987,136.469,

[2024-10-23 15:59:39] ,1,16.815,428.423,53.13,27.756,490.246,-68.962,

[2024-10-23 15:59:54] ,2,4.688,430.664,-31.675,43.377,441.21,109.895,

[2024-10-23 16:00:09] ,2,22.813,447.076,-146.739,60.579,474.362,30.518,

[2024-10-23 16:00:30] ,1,60.184,428.028,74.197,18.529,447.207,66.194,

[2024-10-23 16:00:45] ,1,23.538,483.26,-30.256,10.554,498.814,-28.405,

[2024-10-23 16:00:59] ,2,6.995,440.946,68.776,37.05,492.421,117.255,

[2024-10-23 16:01:14] ,4,41.268,437.453,-33.261,-9.878,443.912,-59.56,

[2024-10-23 16:01:26] ,2,17.672,450.832,22.859,8.972,478.976,161.565,

[2024-10-23 16:01:40] ,2,61.04,450.239,-110.739,-2.298,462.564,-166.464,

[2024-10-23 16:01:54] ,1,51.945,461.839,3.608,31.909,471.198,-16.157,

[2024-10-23 16:02:10] ,1,-9.219,440.682,-7.765,24.659,449.712,36.973,

[2024-10-23 16:02:26] ,2,21.429,438.507,10.397,57.745,455.117,104.162,

[2024-10-23 16:02:48] ,1,21.165,436.662,-83.26,-11.657,441.869,-49.399,

[2024-10-23 16:03:02] ,2,47.99,485.501,171.215,-12.119,486.489,159.261,

[2024-10-23 16:03:17] ,1,-2.1,438.573,66.46,39.818,499.803,81.135,

[2024-10-23 16:03:33] ,2,22.813,464.014,-105.662,34.809,491.037,105.662,

[2024-10-23 16:03:55] ,2,10.093,453.139,36.56,-2.694,464.607,-72.708,

[2024-10-23 16:04:09] ,1,48.254,430.203,75.838,53.527,460.851,-64.581,

[2024-10-23 16:04:31] ,1,34.94,455.38,-67.341,32.7,482.535,-22.659,

[2024-10-23 16:04:48] ,1,5.677,449.251,-39.542,54.845,458.346,-31.574,

[2024-10-23 16:05:02] ,1,9.368,431.126,24.015,-8.164,440.221,71.565,

[2024-10-23 16:05:17] ,2,12.07,474.56,-81.724,38.631,495.189,-65.045,

[2024-10-23 16:05:32] ,2,12.927,462.498,-133.55,-12.778,487.412,-32.391,

[2024-10-23 16:05:48] ,1,45.486,426.71,-25.174,24.988,466.651,45.725,

[2024-10-23 16:06:06] ,1,-4.671,476.603,-80.2,28.679,482.601,8.276,

[2024-10-23 16:06:24] ,1,51.615,430.071,40.941,6.006,494.464,-7.253,

[2024-10-23 16:06:45] ,1,47.397,457.028,-58.861,15.365,488.928,-18.759,

[2024-10-23 16:07:08] ,2,25.845,460.126,-11.915,10.554,470.737,101.411,

[2024-10-23 16:07:24] ,1,17.606,436.86,77.471,36.918,493.739,3.608,

[2024-10-23 16:07:45] ,2,-2.825,485.764,88.958,27.361,489.785,-93.641,

[2024-10-23 16:08:02] ,1,46.804,478.976,-71.565,-11.657,480.755,78.486,

[2024-10-23 16:08:34] ,1,6.534,430.005,-90,18.463,468.496,67.816,

[2024-10-23 16:08:50] ,2,52.275,473.835,-69.444,30.722,490.312,55.305,

[2024-10-23 16:09:13] ,4,30.656,437.387,-87.917,2.975,450.503,70.416,

[2024-10-23 16:09:27] ,1,10.29,451.426,53.858,2.25,480.953,-53.027,

[2024-10-23 16:09:48] ,1,22.813,440.155,-60.895,56.954,455.973,10.808,

[2024-10-23 16:10:03] ,1,16.288,467.705,-80.707,16.025,496.969,-30.256,

[2024-10-23 16:10:18] ,4,40.675,464.014,-14.534,54.845,467.903,4.635,

[2024-10-23 16:10:37] ,1,37.577,435.344,-14.162,12.597,497.891,-23.334,

[2024-10-23 16:10:50] ,2,60.052,443.055,-54.583,18.793,484.051,-37.694,

[2024-10-23 16:11:08] ,1,34.413,473.835,-66.4,50.363,474.889,29.554,

[2024-10-23 16:11:30] ,1,15.234,427.83,-26.796,6.863,442.001,-17.292,

[2024-10-23 16:11:44] ,1,33.688,438.046,0,-2.957,442.66,75.466,

[2024-10-23 16:11:59] ,1,19.254,446.417,45,-2.496,499.539,16.449,

[2024-10-23 16:12:13] ,2,35.731,488.335,-55.305,11.411,499.539,67.141,

[2024-10-23 16:12:28] ,1,2.645,454.919,-25.174,-12.514,485.105,-40.992,

[2024-10-23 16:12:50] ,1,19.122,433.96,-57.171,-5.791,443.517,-68.295,

[2024-10-23 16:13:05] ,2,50.825,427.303,127.284,58.009,460.257,161.565,

[2024-10-23 16:13:23] ,2,38.763,427.632,40.206,1.656,432.905,15.803,

[2024-10-23 16:13:44] ,2,19.386,436.596,167.978,24.856,461.114,148.861,

[2024-10-23 16:13:59] ,1,50.034,427.567,80.022,4.622,436.926,-43.55,

[2024-10-23 16:14:15] ,1,16.486,450.503,24.015,32.304,451.953,54.462,

[2024-10-23 16:14:31] ,1,-9.416,456.369,-90,-11.789,495.321,21.224,

[2024-10-23 16:14:48] ,1,-11.987,457.753,-63.667,56.427,480.821,84.341,

[2024-10-23 16:15:10] ,1,26.965,432.51,88.958,19.715,448.657,-79.192,

[2024-10-23 16:15:32] ,1,57.547,468.562,68.484,33.622,498.946,75.336,

[2024-10-23 16:15:46] ,2,20.77,426.051,-88.958,-5.462,466.914,2.083,

[2024-10-23 16:16:01] ,2,60.909,432.378,69.749,-9.944,476.076,-128.741,

[2024-10-23 16:16:16] ,2,26.175,431.982,-148.325,4.886,495.585,124.695,

[2024-10-23 16:16:40] ,2,27.822,432.839,80.112,-10.932,433.63,-45,

[2024-10-23 16:16:55] ,2,50.759,475.944,-35.538,58.075,487.28,38.012,

[2024-10-23 16:17:09] ,1,49.704,426.446,-46.824,4.886,476.339,45.735,

[2024-10-23 16:17:47] ,2,37.313,448.987,-105.662,2.711,457.028,152.049,

[2024-10-23 16:18:02] ,4,55.965,458.28,51.9,20.638,461.707,86.424,

[2024-10-23 16:18:14] ,1,49.045,438.573,-63.204,-3.682,483.26,53.44,

[2024-10-23 16:18:28] ,2,-10.932,436.069,-154.826,-6.516,447.405,-129.144,

[2024-10-23 16:18:43] ,2,-3.88,429.478,19.093,18.529,463.685,143.44,

[2024-10-23 16:18:59] ,1,31.777,456.698,-77.082,55.372,473.373,32.115,

[2024-10-23 16:19:28] ,1,15.497,439.76,8.276,24,465.794,35.538,

[2024-10-23 16:19:43] ,1,-2.232,427.698,-24.015,59.986,452.282,-60.895,

[2024-10-23 16:19:59] ,1,36.522,468.957,-12.918,50.89,493.541,32.115,

[2024-10-23 16:20:14] ,2,8.577,441.276,-65.045,-12.053,487.742,-92.083,

[2024-10-23 16:20:35] ,2,-8.494,430.862,-123.546,-12.58,489.126,6.282,

[2024-10-23 16:20:49] ,2,-7.505,451.426,37.6,5.677,467.046,74.338,

[2024-10-23 16:21:03] ,1,18.134,449.844,-7.189,2.777,480.821,14.162,

[2024-10-23 16:21:17] ,2,60.25,428.357,104.162,52.472,485.896,-22.859,

[2024-10-23 16:21:33] ,2,-12.184,462.63,-40.267,42.322,483.985,-122.391,

[2024-10-23 16:21:47] ,1,17.606,453.667,82.235,55.306,495.057,-30.518,

[2024-10-23 16:22:09] ,1,2.381,436.003,1.548,40.147,439.101,73.202,

[2024-10-23 16:22:24] ,1,57.02,459.467,-22.184,15.168,482.996,-68.776,

[2024-10-23 16:22:40] ,2,48.781,438.442,75.336,21.956,483.985,144.881,

[2024-10-23 16:22:58] ,1,9.961,452.348,30.518,52.67,492.421,-69.444,

[2024-10-23 16:23:14] ,1,48.781,446.614,71.075,-2.232,499.078,74.338,

[2024-10-23 16:23:31] ,1,1.656,459.203,29.105,43.904,490.51,-20.556,

[2024-10-23 16:23:45] ,2,10.884,430.203,14.664,46.475,433.235,166.342,

[2024-10-23 16:24:07] ,1,58.8,433.301,-67.816,58.075,448.328,84.806,

[2024-10-23 16:24:22] ,1,8.906,481.546,-13.536,39.29,493.344,34.695,

[2024-10-23 16:24:45] ,1,32.304,448.987,22.859,9.434,490.048,-70.416,

[2024-10-23 16:25:01] ,1,1.393,442.857,-63.895,12.334,495.782,80.707,

[2024-10-23 16:25:18] ,1,34.677,482.996,70.105,-12.975,491.366,-32.829,

[2024-10-23 16:25:43] ,2,45.156,438.376,-107.292,25.581,450.569,88.968,

[2024-10-23 16:26:05] ,2,0.47,459.071,-81.215,-2.694,485.632,86.878,

[2024-10-23 16:26:20] ,1,-12.053,458.017,-2.886,-9.614,498.88,-65.045,

[2024-10-23 16:29:02] ,1,-12.909,458.28,-9.888,57.811,475.021,24.487,

[2024-10-23 16:29:11] ,1,53.065,449.317,-33.69,17.277,487.346,52.619,

[2024-10-23 16:29:25] ,2,45.815,429.148,-63.895,8.709,432.444,76.849,

[2024-10-23 16:29:47] ,2,-1.573,443.253,120.964,57.218,447.142,-139.794,

[2024-10-23 16:30:03] ,4,22.22,427.237,7.253,55.438,452.744,-88.438,

[2024-10-23 16:30:15] ,2,15.959,493.08,-152.745,27.229,497.101,1.042,

[2024-10-23 16:30:29] ,2,41.465,428.423,90,3.304,432.114,104.664,

[2024-10-23 16:30:43] ,2,-7.9,438.507,145.305,-5.857,453.732,-86.878,

[2024-10-23 16:31:05] ,4,53.725,425.655,34.563,19.32,426.907,-107.292,

[2024-10-23 16:31:18] ,2,29.536,451.623,171.215,18.068,470.276,-144.462,

[2024-10-23 16:31:33] ,2,20.375,439.826,-31.405,49.506,465.728,166.464,

[2024-10-23 16:31:47] ,2,16.618,468.826,-20.376,-8.625,484.051,-86.878,

[2024-10-23 16:32:03] ,1,13.454,496.112,-41.332,32.897,498.88,17.942,

[2024-10-23 16:32:19] ,1,51.088,434.948,54.162,2.184,456.896,-15.803,

[2024-10-23 16:32:34] ,2,11.345,479.305,-144.162,-6.187,497.562,-2.626,

