[2025-06-13 09:46:38] ,1,15.734,448.554,46.779,77.557,468.525,-69.624,

[2025-06-13 10:19:22] ,1,38.934,437.284,31.31,58.377,460.748,-12.2,

[2025-06-13 10:37:24] ,1,38.934,437.218,31.574,28.982,459.561,-5.057,

[2025-06-13 13:54:34] ,1,39.264,436.889,32.276,29.246,459.429,-5.057,

[2025-06-13 13:54:39] ,1,39.264,436.889,32.276,29.246,459.429,-5.057,

[2025-06-13 13:54:50] ,1,58.443,460.748,-10.713,29.048,473.336,-78.983,

[2025-06-13 13:55:08] ,1,45.855,475.248,-5.057,15.866,494.032,27.924,

[2025-06-13 13:55:18] ,2,68.989,483.486,-125.952,35.836,508.136,-117.474,

[2025-06-13 13:55:37] ,1,27.796,420.543,-79.192,31.75,466.416,19.552,

[2025-06-13 13:55:46] ,1,48.096,473.139,-75.231,27.927,483.552,-29.495,

[2025-06-13 13:55:56] ,2,13.823,453.893,132.51,9.077,480.652,-41.8,

[2025-06-13 13:56:06] ,4,79.864,470.304,0,67.011,499.37,39.872,

[2025-06-13 13:56:17] ,1,-3.973,399.716,11.411,-12.409,489.484,86.424,

[2025-06-13 13:56:24] ,2,45.13,439.261,-16.844,24.368,494.427,-72.525,

[2025-06-13 13:56:38] ,4,22.127,497.525,-16.015,39.527,514.2,-7.253,

[2025-06-13 13:56:49] ,1,-10.366,463.582,-68.199,10.33,509.125,13.912,

[2025-06-13 13:56:58] ,2,3.936,422.191,-176.934,19.952,489.418,163.009,

[2025-06-13 13:57:11] ,1,3.211,450.4,82.937,51.061,490.802,60.945,

[2025-06-13 13:57:28] ,1,56.664,445.852,53.936,-3.775,455.145,84.943,

[2025-06-13 13:57:37] ,1,24.764,506.291,-11.31,10.198,508.532,73.639,

[2025-06-13 13:57:47] ,2,35.705,405.911,-142.619,-6.543,422.85,152.978,

[2025-06-13 13:57:56] ,1,74.92,461.604,-1.534,27.993,516.638,52.214,

[2025-06-13 13:58:06] ,2,34.782,426.409,-56.592,2.223,435.241,-132.138,

[2025-06-13 13:58:15] ,2,20.084,465.098,-51.419,62.068,469.975,-117.924,

[2025-06-13 13:58:24] ,2,0.18,472.084,-113.6,68.132,478.807,68.484,

[2025-06-13 13:58:35] ,1,29.443,442.227,-55.465,54.621,482.102,-39.999,

[2025-06-13 13:58:44] ,1,85.334,460.154,77.583,-3.577,491.263,37.073,

[2025-06-13 13:58:53] ,1,77.095,494.559,-63.435,73.668,508.136,-55.176,

[2025-06-13 13:59:03] ,2,-4.763,421.268,-112.932,63.057,471.754,-154.341,

[2025-06-13 13:59:14] ,1,-1.798,416.259,-23.806,-10.168,463.12,-85.406,

[2025-06-13 13:59:23] ,1,0.641,470.964,21.615,9.539,498.316,-11.706,

[2025-06-13 13:59:33] ,2,42.098,478.082,-77.8,56.334,494.032,-172.372,

[2025-06-13 13:59:42] ,4,-12.211,501.216,-24.955,12.439,517.957,-36.973,

[2025-06-13 13:59:53] ,1,-4.5,464.175,-53.936,53.83,485.595,-69.146,

[2025-06-13 14:00:01] ,1,54.818,405.911,-68.484,30.168,516.902,-31.405,

[2025-06-13 14:00:10] ,2,27.466,447.829,67.73,8.286,497.591,1.023,

[2025-06-13 14:00:29] ,2,24.105,448.423,-32.005,65.561,518.352,134.265,

[2025-06-13 14:00:39] ,2,30.366,431.352,-151.837,21.402,477.093,-92.534,

[2025-06-13 14:00:48] ,1,-6.741,413.952,-16.65,20.48,418.698,-61.837,

[2025-06-13 14:00:57] ,1,53.105,445.589,-40.384,25.225,462.923,77.8,

[2025-06-13 14:08:45] ,1,25.093,462.989,77.307,47.7,486.716,-42.479,

[2025-06-13 14:08:51] ,1,25.093,462.989,77.307,47.7,486.716,-42.479,

[2025-06-13 14:08:58] ,1,24.632,488.034,-80.372,-7.729,508.532,-51.814,

[2025-06-13 14:09:08] ,2,-7.07,447.236,-85.95,63.123,479.927,176.934,

[2025-06-13 14:09:19] ,1,44.932,461.868,14.281,63.584,486.848,-8.707,

[2025-06-13 14:09:27] ,1,8.221,499.238,-29.055,18.964,507.807,32.276,

[2025-06-13 14:09:36] ,2,46.118,405.384,-119.809,10.132,429.902,69.8,

[2025-06-13 14:09:46] ,1,0.707,422.586,-27.022,28.125,509.059,-82.811,

[2025-06-13 14:09:54] ,1,79.205,432.67,19.895,11.582,517.298,-29.999,

[2025-06-13 14:10:02] ,2,19.689,466.284,-94.554,68.725,503.127,45.365,

[2025-06-13 14:10:13] ,1,-10.629,473.402,74.124,58.311,480.982,-68.199,

[2025-06-13 14:10:20] ,1,36.166,486.914,-85.95,0.246,494.559,-43.568,

[2025-06-13 14:10:29] ,2,-12.738,452.575,-34.951,19.359,494.295,-104.281,

[2025-06-13 14:10:45] ,1,-0.611,425.684,55.886,-7.729,490.077,38.897,

[2025-06-13 14:10:53] ,1,66.418,501.611,26.338,7.627,508.927,44.275,

[2025-06-13 14:11:01] ,1,83.95,429.111,75.964,81.511,492.318,83.83,

[2025-06-13 14:11:10] ,2,20.546,445.984,-80.372,47.832,448.95,-14.281,

[2025-06-13 14:11:18] ,2,66.945,469.514,173.884,45.921,481.443,-124.951,

[2025-06-13 14:11:27] ,2,39.857,503.72,-61.837,21.073,510.509,10.305,

[2025-06-13 14:11:36] ,1,34.255,423.641,-58.861,34.914,518.748,-32.276,

[2025-06-13 14:11:44] ,2,16.855,402.155,107.784,18.436,419.489,-171.798,

[2025-06-13 14:11:52] ,2,-1.798,435.966,-165.101,24.434,436.889,126.363,

[2025-06-13 14:12:01] ,4,77.557,468.92,-54.462,11.78,511.761,-60.446,

[2025-06-13 14:12:11] ,2,40.582,428.452,20.854,23.314,491.857,140.389,

[2025-06-13 14:12:25] ,1,66.748,411.382,-30.7,12.505,420.675,-48.24,

[2025-06-13 14:12:33] ,1,79.468,424.564,21.038,21.139,440.052,11.706,

[2025-06-13 14:12:41] ,1,-4.566,440.514,48.2,60.948,456.332,48.958,

[2025-06-13 14:12:50] ,1,1.893,469.25,43.933,72.68,479.861,-7.696,

[2025-06-13 14:12:58] ,1,60.882,492.384,77.196,16.789,497.591,-46.779,

[2025-06-13 14:13:07] ,2,61.08,426.277,88.968,36.43,429.902,128.581,

[2025-06-13 14:13:15] ,4,72.811,505.632,77.978,64.561,517.727,56.712,

[2025-06-13 14:15:35] ,1,71.164,443.414,32.005,34.716,501.611,-5.659,

[2025-06-13 14:15:40] ,1,71.098,443.414,31.574,34.716,501.611,-5.659,

[2025-06-13 14:15:47] ,2,76.173,489.22,60.698,54.752,504.841,52.619,

[2025-06-13 14:15:57] ,1,18.239,443.545,82.937,41.307,450.466,57.295,

[2025-06-13 14:16:05] ,1,69.45,403.473,79.509,10.132,470.173,12.095,

[2025-06-13 14:16:14] ,2,11.977,413.095,-90,37.155,425.025,-52.524,

[2025-06-13 14:16:22] ,2,8.814,498.052,-133.933,55.477,512.42,46.095,

[2025-06-13 14:16:32] ,1,53.698,442.095,-35.242,5.518,484.277,15.255,

[2025-06-13 14:16:40] ,2,21.996,438.47,-101.81,75.25,476.302,53.334,

[2025-06-13 14:16:49] ,2,72.02,499.041,78.589,47.305,511.695,100.305,

[2025-06-13 14:16:57] ,4,80.259,484.673,-31.139,5.206,498.499,-18.052,

[2025-06-13 14:17:08] ,1,11.911,401.166,28.163,60.618,407.164,-88.958,

[2025-06-13 14:17:14] ,2,4.134,440.052,124.951,41.439,475.709,-156.602,

[2025-06-13 14:17:23] ,1,47.436,498.118,-61.631,60.421,498.777,19.242,

[2025-06-13 14:17:31] ,2,56.927,484.936,-90,72.416,487.177,32.981,

[2025-06-13 14:17:40] ,4,85.927,467.009,-87.955,34.782,516.573,-68.962,

[2025-06-13 14:17:50] ,1,38.077,476.039,7.063,-10.761,500.688,11.915,

[2025-06-13 14:17:59] ,1,24.105,421.598,-67.537,69.45,460.616,-46.801,

[2025-06-13 14:18:09] ,1,1.761,504.907,20.376,32.409,507.675,-18.595,

[2025-06-13 14:18:17] ,2,77.03,461.209,72.372,46.382,467.009,-119.249,

[2025-06-13 14:18:29] ,1,28.982,480.257,81.369,20.348,506.159,18.273,

[2025-06-13 14:18:44] ,1,3.673,430.825,-48.909,34.914,446.116,20.497,

[2025-06-13 14:18:52] ,1,4.266,463.845,26.565,-5.554,501.216,-36.769,

[2025-06-13 14:19:00] ,2,15.734,426.541,163.985,-6.213,444.204,2.045,

[2025-06-13 14:19:09] ,2,61.277,445.589,58.426,19.425,460.748,12.693,

[2025-06-13 14:19:16] ,2,70.439,474.918,29.302,53.764,478.807,-42.479,

[2025-06-13 14:19:24] ,2,41.373,483.618,145.176,46.25,506.686,-44.275,

[2025-06-13 14:19:32] ,4,76.568,425.618,0,68.132,505.104,-68.962,

[2025-06-13 14:19:43] ,2,49.018,407.625,125.242,36.232,502.863,-79.695,

[2025-06-13 14:19:51] ,1,-12.936,458.111,54.758,-3.577,476.566,66.602,

[2025-06-13 14:19:59] ,2,34.386,477.027,-40.711,63.321,487.309,119.999,

[2025-06-13 14:20:11] ,1,-10.036,415.798,29.999,73.207,493.241,35.838,

[2025-06-13 14:20:27] ,1,-6.213,402.418,-42.825,37.682,427.332,-3.066,

[2025-06-13 14:20:36] ,1,85.466,439.393,38.418,-12.343,439.723,-14.769,

[2025-06-13 14:20:44] ,1,70.109,448.554,-35.655,10.198,457.386,84.943,

[2025-06-13 14:20:53] ,1,80.918,476.104,-68.009,3.871,489.154,-72.676,

[2025-06-13 14:21:01] ,2,31.618,441.832,-77.692,15.141,443.018,-20.674,

[2025-06-13 14:21:11] ,2,66.22,489.748,-82.304,41.109,508.861,17.628,

[2025-06-13 14:21:27] ,4,81.531,427.346,-31.95,85.73,478.675,-4.635,

[2025-06-13 14:21:35] ,1,24.83,403.077,-23.806,43.086,428.452,73.009,

[2025-06-13 14:21:42] ,1,9.539,432.473,-30.184,-5.554,438.8,-1.023,

[2025-06-13 14:21:50] ,1,25.423,441.7,82.875,65.1,444.666,-62.978,

[2025-06-13 14:21:59] ,1,3.014,448.686,32.005,36.627,455.211,84.489,

[2025-06-13 14:22:07] ,1,66.155,460.55,-2.045,64.902,483.816,-36.363,

[2025-06-13 14:22:16] ,1,21.205,484.541,71.565,42.757,484.87,60.945,

[2025-06-13 14:22:24] ,1,26.543,497.195,20.2,2.948,501.875,52.829,

[2025-06-13 14:22:35] ,1,76.7,423.114,27.951,22.786,433.132,42.138,

[2025-06-13 14:22:43] ,1,63.584,439.789,71.887,-7.466,448.093,-85.446,

[2025-06-13 14:22:51] ,1,64.375,479.861,-76.088,-3.313,483.948,50.323,

[2025-06-13 14:23:00] ,1,48.03,499.304,17.956,67.077,502.798,86.424,

[2025-06-13 14:23:09] ,2,19.755,457.979,-180,32.739,516.573,126.769,

[2025-06-13 14:23:17] ,1,62.925,423.443,36.973,15.141,513.211,-48.24,

[2025-06-13 14:23:27] ,1,61.146,410.525,24.487,17.514,411.184,28.61,

[2025-06-13 14:23:35] ,1,32.673,443.545,12.308,31.223,517.298,-61.595,

[2025-06-13 14:23:45] ,1,-11.223,492.45,67.068,53.302,514.332,-51.988,

[2025-06-13 14:23:56] ,1,54.357,435.175,-50.001,83.093,467.734,-39.218,

[2025-06-13 14:24:04] ,1,-1.995,477.62,48.909,-4.368,510.245,8.276,

[2025-06-13 14:24:14] ,1,49.677,421.532,-37.073,36.166,510.575,8.707,

[2025-06-13 14:24:33] ,4,79.073,482.498,-84.852,76.766,513.013,-13.658,

[2025-06-13 14:25:00] ,4,52.511,413.425,34.114,79.995,493.043,-80.623,

[2025-06-13 14:25:07] ,2,-1.204,424.827,-58.861,-1.336,467.602,-152.758,

[2025-06-13 14:25:18] ,4,-11.684,463.318,-60.698,80.193,474.457,59.56,

[2025-06-13 14:25:26] ,1,50.402,422.191,-42.51,53.368,438.602,44.644,

[2025-06-13 14:25:33] ,1,16.657,469.843,-33.551,40.318,475.709,-26.114,

[2025-06-13 14:25:42] ,1,7.561,486.518,-87.973,3.014,497.261,-81.369,

[2025-06-13 14:25:50] ,1,41.175,504.445,-69.146,32.08,517.561,33.261,

[2025-06-13 14:25:59] ,2,9.209,414.809,-57.995,42.823,431.616,46.801,

[2025-06-13 14:26:08] ,4,71.823,493.043,74.338,85.456,497.573,56.889,

[2025-06-13 14:26:18] ,1,85.861,452.904,43.199,-0.677,493.438,62.076,

[2025-06-13 14:26:25] ,2,32.607,420.873,-61.39,73.998,445.061,-144.462,

[2025-06-13 14:26:35] ,1,-6.082,400.111,-52.716,53.566,499.7,59.123,

[2025-06-13 14:26:50] ,1,13.757,444.073,24.319,-2.654,450.334,3.039,

[2025-06-13 14:26:59] ,1,58.839,486.518,-74.612,11.977,514.859,-13.536,

[2025-06-13 14:27:07] ,4,75.58,487.309,17.942,78.611,503.325,15.164,

[2025-06-13 14:27:18] ,1,22.523,445.786,20.674,39.461,518.286,32.115,

[2025-06-13 14:27:32] ,1,24.368,415.798,71.727,44.536,421.927,67.068,

[2025-06-13 14:27:40] ,1,18.173,428.518,-77.692,0.905,447.566,-18.595,

[2025-06-13 14:27:48] ,1,70.768,486.782,-15.524,60.75,503.325,43.919,

[2025-06-13 14:27:57] ,2,64.77,410.92,139.343,5.518,413.293,-14.407,

[2025-06-13 14:28:05] ,2,49.809,436.098,14.407,35.375,450.202,-86.455,

[2025-06-13 14:28:13] ,2,67.868,468.854,5.102,14.548,488.759,-43.199,

[2025-06-13 14:28:21] ,2,46.118,499.304,-116.565,14.811,510.641,51.18,

[2025-06-13 14:28:29] ,4,82.434,479.598,47.203,77.523,513.474,18.768,

[2025-06-13 14:28:40] ,1,18.041,417.841,0,3.409,437.614,-9.13,

[2025-06-13 14:28:47] ,1,16.064,452.443,-55.337,80.786,479.004,-79.695,

[2025-06-13 14:28:55] ,2,71.361,441.7,-141.103,59.168,501.809,64.799,

[2025-06-13 14:29:05] ,1,-3.577,486.386,-27.474,32.014,495.218,-27.474,

[2025-06-13 14:29:14] ,2,19.359,426.277,32.005,17.118,508.136,115.201,

[2025-06-13 14:29:24] ,1,59.893,482.761,-31.842,18.436,494.888,27.711,

[2025-06-13 14:29:32] ,4,85.664,435.9,53.746,78.216,502.073,-60.191,

[2025-06-13 14:29:42] ,1,-4.17,467.8,8.631,37.946,475.445,-86.987,

[2025-06-13 14:29:57] ,1,18.964,401.627,-11.31,4.727,403.275,49.674,

[2025-06-13 14:30:05] ,2,8.286,458.045,-13.299,83.423,466.02,24.066,

[2025-06-13 14:30:15] ,4,84.082,501.941,84.806,40.977,512.684,23.806,

[2025-06-13 14:30:25] ,2,77.161,456.925,151.837,34.716,487.836,-162.044,

[2025-06-13 14:30:34] ,2,47.7,468.459,-50.711,17.448,486.65,-154.341,

[2025-06-13 14:30:45] ,4,72.611,400.332,22.989,82.236,458.704,63.435,

[2025-06-13 14:30:55] ,2,66.484,422.191,-62.289,70.9,454.223,178.977,

[2025-06-13 14:31:03] ,2,58.773,477.423,-137.862,65.825,492.977,84.852,

[2025-06-13 14:31:18] ,2,-1.073,491.395,169.875,15.207,493.438,-37.786,

[2025-06-13 14:32:21] ,1,76.964,412.107,-30.518,21.534,412.502,-55.049,

[2025-06-13 14:32:27] ,1,77.03,412.107,-30.964,21.468,412.502,-54.758,

[2025-06-13 14:32:33] ,1,51.984,452.575,2.534,-9.245,455.541,15.255,

[2025-06-13 14:32:42] ,1,4.859,461.473,-87.99,85.07,473.402,-60.446,

[2025-06-13 14:32:51] ,1,64.375,482.432,56.032,45.327,498.448,51.103,

[2025-06-13 14:32:59] ,2,63.321,415.468,-93.094,26.741,490.934,-6.062,

[2025-06-13 14:33:09] ,1,44.536,398.068,36.87,64.705,422.125,56.454,

[2025-06-13 14:33:17] ,1,5.321,451.916,-69.974,-5.884,479.334,29.055,

[2025-06-13 14:33:26] ,2,54.621,459.627,-73.639,12.571,471.293,25.442,

[2025-06-13 14:33:36] ,1,43.877,497.459,60.255,57.323,509.191,-18.759,

[2025-06-13 14:33:46] ,1,19.227,405.516,17.628,-4.566,440.777,1.534,

[2025-06-13 14:33:57] ,1,-4.698,489.352,-60.945,73.141,509.652,9.377,

[2025-06-13 14:34:13] ,2,23.248,407.559,-21.516,9.077,471.425,-118.811,

[2025-06-13 14:34:24] ,4,-0.282,454.618,-6.116,71.691,464.175,-34.403,

[2025-06-13 14:34:40] ,1,52.38,403.67,27.255,30.893,468.129,82.439,

[2025-06-13 14:34:47] ,1,20.48,497.92,-84.44,12.505,512.42,-85.406,

[2025-06-13 14:34:55] ,2,19.161,457.32,-44.284,47.568,461.604,-170.87,

[2025-06-13 14:35:04] ,2,15.734,475.973,-95.057,-5.159,509.323,137.175,

[2025-06-13 14:35:14] ,1,24.764,438.536,-27.474,37.682,492.186,-57.995,

[2025-06-13 14:35:25] ,1,38.671,490.011,-78.294,25.027,507.477,-46.432,

[2025-06-13 14:35:41] ,1,60.157,418.236,39.542,68.923,493.57,48.24,

[2025-06-13 14:35:49] ,2,15.141,429.045,-87.955,55.411,435.966,55.049,

[2025-06-13 14:35:57] ,2,-2.918,466.218,-21.991,49.348,488.759,139.674,

[2025-06-13 14:36:05] ,4,42.955,499.502,54.048,-4.5,513.936,86.878,

[2025-06-13 14:36:16] ,1,30.761,480.652,6.563,39.593,490.341,7.628,

[2025-06-13 14:36:23] ,2,46.514,435.636,40.711,72.614,460.22,-51.103,

[2025-06-13 14:36:33] ,1,-10.102,470.502,-41.424,16.986,502.929,17.628,

[2025-06-13 14:36:41] ,2,24.039,461.539,140.001,39,516.243,-180,

[2025-06-13 14:36:58] ,1,5.782,401.364,-23.334,6.507,422.718,80.789,

[2025-06-13 14:37:06] ,2,51.589,430.364,16.015,27.334,447.17,-79.287,

[2025-06-13 14:37:14] ,2,55.741,450.861,-79.192,5.189,473.27,102.693,

[2025-06-13 14:37:24] ,4,82.681,495.078,60.385,46.184,500.161,61.837,

[2025-06-13 14:37:34] ,1,-4.434,489.55,-7.628,65.561,506.554,-79.603,

[2025-06-13 14:37:48] ,2,50.798,454.75,131.042,74.855,469.184,9.211,

[2025-06-13 14:37:58] ,2,-12.87,419.62,114.015,-10.498,440.052,177.466,

[2025-06-13 14:38:05] ,2,29.641,455.541,98.13,40.714,504.709,65.726,

[2025-06-13 14:38:15] ,2,6.243,506.752,78.085,44.471,514.134,45,

[2025-06-13 14:38:24] ,1,14.152,486.254,-8.631,3.475,510.048,6.68,

[2025-06-13 14:38:32] ,1,29.707,514.398,7.696,66.352,517.891,39.542,

[2025-06-13 14:38:42] ,1,-0.875,432.67,-75.358,23.577,466.811,-38.972,

[2025-06-13 14:38:51] ,2,59.63,445.061,-100.713,61.146,505.698,-108.273,

[2025-06-13 14:38:59] ,4,47.766,516.045,-29.105,73.571,516.906,39.738,

[2025-06-13 14:39:15] ,1,57.784,409.47,-59.56,38.209,452.114,43.568,

[2025-06-13 14:39:22] ,1,73.866,455.343,15.876,-11.882,456.727,20.674,

[2025-06-13 14:39:31] ,1,18.041,464.834,65.681,12.571,492.12,10.713,

[2025-06-13 14:39:39] ,1,50.732,499.7,1.023,53.171,516.243,-6.68,

[2025-06-13 14:39:50] ,1,42.427,403.736,-53.746,32.936,422.652,85.406,

[2025-06-13 14:39:58] ,1,3.475,428.782,16.991,13.889,434.977,22.463,

[2025-06-13 14:40:06] ,1,4.661,463.911,88.479,77.161,480.982,35.242,

[2025-06-13 14:40:15] ,2,82.105,441.898,35.119,40.582,490.275,176.961,

[2025-06-13 14:40:25] ,1,55.609,499.502,34.535,59.168,513.211,55.597,

[2025-06-13 14:40:32] ,2,-2.061,456.727,-101.211,-5.423,492.384,73.985,

[2025-06-13 14:40:43] ,4,82.096,420.793,0,20.611,501.084,-66.4,

[2025-06-13 14:40:53] ,1,0.971,408.482,-21.516,-10.498,462.132,-29.302,

[2025-06-13 14:41:00] ,4,-10.3,437.745,25.201,84.477,465.954,41.379,

[2025-06-13 14:41:09] ,2,-8.982,417.973,-156.666,67.473,427.332,123.408,

[2025-06-13 14:41:16] ,2,15.405,458.309,-92.01,12.505,492.252,133.199,

[2025-06-13 14:41:32] ,1,0.311,412.436,-87.936,-9.904,434.516,54.758,

[2025-06-13 14:41:40] ,1,10.33,464.57,-0.507,40.516,487.045,83.938,

[2025-06-13 14:41:49] ,1,64.177,511.102,2.064,32.146,512.354,21.991,

[2025-06-13 14:41:57] ,2,31.157,433.989,-138.576,59.893,486.254,-162.044,

[2025-06-13 14:42:05] ,4,76.392,411.972,72.897,81.007,516.377,85.236,

[2025-06-13 14:42:16] ,1,6.507,445.127,8.631,36.166,476.895,-7.628,

[2025-06-13 14:42:25] ,2,14.152,449.675,150.945,3.146,465.691,-126.469,

[2025-06-13 14:42:40] ,1,14.746,466.745,63.886,-3.973,481.048,31.739,

[2025-06-13 14:42:48] ,1,40.318,486.057,33.968,27.334,509.52,22.659,

[2025-06-13 14:42:56] ,2,68.527,409.405,9.462,11.252,422.52,112.659,

[2025-06-13 14:43:06] ,2,0.377,436.229,-117.022,64.902,502.798,47.203,

[2025-06-13 14:43:14] ,4,15.8,445.127,9.13,72.548,448.159,-85.406,

[2025-06-13 14:43:25] ,2,-1.073,409.47,-9.211,7.496,451.059,-124.249,

[2025-06-13 14:43:32] ,2,34.98,490.209,103.416,-1.468,499.766,-78.19,

[2025-06-13 14:43:40] ,4,67.562,461.394,18.435,73.273,511.893,-6.74,

[2025-06-13 14:45:09] ,1,10.857,438.075,-29.055,17.184,498.777,44.64,

[2025-06-13 14:45:15] ,1,10.857,438.075,-29.055,17.184,498.843,44.284,

[2025-06-13 14:45:22] ,2,26.148,454.882,158.854,75.052,471.557,133.55,

[2025-06-13 14:45:32] ,1,48.689,450.729,-14.899,21.007,504.643,82.304,

[2025-06-13 14:45:42] ,1,36.825,469.909,-48.2,26.741,482.3,7.989,

[2025-06-13 14:45:52] ,2,7.43,402.616,24.955,26.939,464.373,65.014,

[2025-06-13 14:46:07] ,1,64.243,423.048,88.452,-8.125,441.7,-61.39,

[2025-06-13 14:46:15] ,1,57.125,467.47,63.208,0.971,473.073,46.779,

[2025-06-13 14:46:24] ,2,-6.411,427.332,-44.64,13.427,481.048,-180,

[2025-06-13 14:46:32] ,2,37.418,499.7,-100.305,19.623,511.893,-148.595,

[2025-06-13 14:46:40] ,4,70.9,469.514,-77.692,62.596,499.634,-83.83,

[2025-06-13 14:46:51] ,1,5.518,459.232,-59.381,18.568,494.691,-57.995,

[2025-06-13 14:46:58] ,2,61.739,445.984,11.706,21.271,479.202,20.966,

[2025-06-13 14:47:08] ,2,45.657,409.734,-124.695,33.002,502.007,-145.886,

[2025-06-13 14:47:17] ,1,-1.863,458.309,27.474,-11.157,478.477,-1.534,

[2025-06-13 14:47:25] ,2,48.03,436.954,-149.816,77.359,462.461,-35.952,

[2025-06-13 14:47:35] ,1,46.25,503.523,-28.856,0.311,511.3,58.595,

[2025-06-13 14:47:50] ,1,-5.159,426.607,-83.379,11.384,447.17,38.581,

[2025-06-13 14:47:58] ,2,41.702,441.568,-12.804,-0.216,498.184,-57.295,

[2025-06-13 14:48:09] ,1,67.539,421.334,20.739,-6.609,469.514,-63.886,

[2025-06-13 14:48:16] ,1,-9.509,484.343,14.407,8.089,494.493,-3.545,

[2025-06-13 14:48:25] ,2,21.864,409.075,73.009,32.805,504.182,45,

[2025-06-13 14:48:34] ,1,20.743,460.814,83.938,31.091,499.502,-41.042,

[2025-06-13 14:48:44] ,2,17.909,430.957,77.196,49.15,507.477,71.241,

[2025-06-13 14:49:00] ,1,8.484,421.202,-5.659,42.23,437.745,-57.724,

[2025-06-13 14:49:08] ,2,-10.563,416.457,13.416,58.773,479.729,-155.934,

[2025-06-13 14:49:16] ,2,28.784,484.211,-114.528,16.855,493.636,87.955,

[2025-06-13 14:49:26] ,1,57.521,412.7,71.075,72.548,452.575,28.163,

[2025-06-13 14:49:34] ,1,53.039,467.47,-67.73,81.577,501.413,33.977,

[2025-06-13 14:49:42] ,2,32.343,476.961,164.124,56.796,492.318,-83.884,

[2025-06-13 14:49:51] ,2,35.441,500.029,41.042,24.171,513.541,41.76,

[2025-06-13 14:50:02] ,4,8.682,424.432,12.308,8.682,509.85,68.009,

[2025-06-13 14:50:18] ,1,83.159,409.47,43.891,66.418,409.536,-74.476,

[2025-06-13 14:50:25] ,1,-8.059,465.361,33.13,-11.288,506.95,78.589,

[2025-06-13 14:50:34] ,2,9.868,407.098,18.925,20.941,494.229,-84.391,

[2025-06-13 14:50:42] ,4,82.917,423.696,23.062,6.49,487.464,-45.324,

[2025-06-13 14:50:51] ,1,6.705,487.507,31.739,34.321,514.068,-90,

[2025-06-13 14:51:00] ,2,64.968,414.084,-153.204,79.468,492.318,-177.955,

[2025-06-13 14:51:24] ,1,48.359,418.83,-62.978,2.816,438.536,-30.184,

[2025-06-13 14:51:32] ,1,56.796,473.6,-82.875,77.82,497.459,8.785,

[2025-06-13 14:51:44] ,1,-2.061,398.464,81.649,-8.652,431.154,-80.789,

[2025-06-13 14:51:53] ,1,36.166,470.898,-52.829,43.416,510.443,59.56,

[2025-06-13 14:52:03] ,1,-2.061,501.348,57.295,4.134,513.673,30.7,

[2025-06-13 14:52:19] ,1,44.668,467.602,-38.972,-8.454,475.973,-90,

[2025-06-13 14:52:27] ,1,9.539,493.702,85.446,50.534,514.859,-43.905,

[2025-06-13 14:52:38] ,1,6.309,493.834,53.936,38.802,496.536,-48.958,

[2025-06-13 14:52:53] ,1,29.18,433.395,74.612,9.539,470.7,38.27,

[2025-06-13 14:53:03] ,1,1.3,466.416,-57.567,29.575,480.125,-66.801,

[2025-06-13 14:53:11] ,1,35.968,496.734,-15.388,-12.277,497.393,-9.211,

[2025-06-13 14:53:27] ,1,18.041,399.518,39.936,1.564,425.091,32.005,

[2025-06-13 14:53:35] ,1,37.616,428.123,-7.628,47.964,453.168,61.631,

[2025-06-13 14:53:43] ,1,12.043,487.968,79.786,39,500.227,15.524,

[2025-06-13 14:53:54] ,1,34.584,420.28,-67.73,0.377,467.339,27.242,

[2025-06-13 14:54:02] ,1,50.468,482.761,64.341,42.559,504.445,-83.884,

[2025-06-13 14:54:14] ,1,17.975,440.052,-11.706,-6.675,460.22,20.026,

[2025-06-13 14:54:22] ,1,2.882,476.236,15.255,68.527,510.311,-44.635,

[2025-06-13 14:54:47] ,2,3.673,424.102,-122.433,8.484,515.848,96.68,

[2025-06-13 14:54:55] ,4,63.51,413.95,83.199,80.72,488.693,-79.095,

[2025-06-13 14:55:04] ,1,40.45,445.259,76.701,24.171,451.323,-14.769,

[2025-06-13 14:55:11] ,1,8.682,477.752,8.059,10.857,496.734,65.472,

[2025-06-13 14:55:27] ,1,15.536,419.291,56.592,10.132,457.584,-22.736,

[2025-06-13 14:55:35] ,1,-5.686,461.143,35.362,38.275,487.507,-67.73,

[2025-06-13 14:55:44] ,1,68.857,499.436,24.74,27.796,499.7,67.068,

[2025-06-13 14:55:54] ,1,-7.663,426.936,4.086,80.72,497.854,-30.7,

[2025-06-13 14:56:10] ,1,28.389,401.364,-56.31,21.864,413.359,7.125,

[2025-06-13 14:56:18] ,1,39.132,423.114,-14.534,67.934,432.473,-11.81,

[2025-06-13 14:56:26] ,1,6.573,442.425,-15.388,31.157,458.902,-57.836,

[2025-06-13 14:56:35] ,1,56.927,459.495,52.125,0.311,471.491,-39.677,

[2025-06-13 14:56:43] ,1,21.139,489.484,50.001,14.218,501.743,-81.369,

[2025-06-13 14:56:53] ,1,56.796,405.186,-37.694,64.836,447.368,-88.977,

[2025-06-13 14:57:01] ,1,-8.982,449.675,1.014,25.555,485.464,47.121,

[2025-06-13 14:57:17] ,1,11.384,436.295,-7.628,38.341,457.254,19.385,

[2025-06-13 14:57:26] ,1,79.073,460.418,14.281,31.223,499.304,82.875,

[2025-06-13 14:57:36] ,1,11.384,410.92,39.218,67.802,457.848,-14.899,

[2025-06-13 14:57:46] ,1,-2.457,467.998,-37.171,73.734,484.607,-46.45,

[2025-06-13 14:58:01] ,1,6.243,435.834,-78.294,22.852,488.1,-88.986,

[2025-06-13 14:58:38] ,1,56.071,414.48,0.516,47.568,458.639,59.816,

[2025-06-13 14:58:46] ,1,15.207,467.47,66.801,3.607,509.059,73.639,

[2025-06-13 14:58:54] ,1,39.33,490.407,-88.479,22.721,511.893,-76.088,

[2025-06-13 14:59:06] ,1,80.127,456.595,-6.116,-8.323,488.166,-65.26,

[2025-06-13 14:59:23] ,1,26.411,403.275,-0.516,43.021,446.643,86.455,

[2025-06-13 14:59:31] ,1,21.073,469.448,77.417,51.457,489.154,69.146,

[2025-06-13 14:59:42] ,1,4.859,425.552,82.372,35.771,432.275,-45.716,

[2025-06-13 14:59:52] ,1,-11.157,457.189,-26.792,18.964,481.114,2.01,

[2025-06-13 15:00:07] ,1,1.893,437.02,-73.156,-3.907,453.234,3.545,

[2025-06-13 15:00:16] ,1,21.336,469.777,-5.013,-7.729,481.575,-64.558,

[2025-06-13 15:00:24] ,1,10.857,499.238,66.801,-9.773,507.148,-7.189,

[2025-06-13 15:00:34] ,1,12.175,464.966,-54.23,13.625,512.157,-47.148,

[2025-06-13 15:00:44] ,1,40.516,410.195,60.001,66.682,515.386,28.856,

[2025-06-13 15:01:00] ,1,73.602,449.148,-39.999,26.873,487.177,81.87,

[2025-06-13 15:01:10] ,1,7.627,458.968,-27.474,-9.311,506.357,-68.671,

[2025-06-13 15:01:20] ,1,-8.323,474.786,-72.525,60.684,515.452,-63.667,

[2025-06-13 15:01:30] ,1,-10.695,411.25,71.241,36.1,507.411,32.276,

[2025-06-13 15:01:46] ,1,51.259,436.691,19.722,0.18,447.829,36.363,

[2025-06-13 15:02:18] ,1,32.871,422.454,-59.123,22.984,431.286,-41.091,

[2025-06-13 15:02:26] ,1,76.568,433.395,-58.861,74.195,455.343,33.13,

[2025-06-13 15:02:34] ,1,61.409,452.311,-44.644,21.073,474.786,78.887,

[2025-06-13 15:02:43] ,1,6.705,494.098,56.17,-8.586,508.663,38.501,

[2025-06-13 15:02:51] ,2,39.396,475.182,25.201,0.443,477.093,152.312,

[2025-06-13 15:03:02] ,1,76.766,439.789,72.86,59.432,486.848,82.372,

[2025-06-13 15:03:12] ,1,14.218,442.623,45,62.2,470.304,-49.289,

[2025-06-13 15:03:21] ,1,13.559,457.254,1.023,11.648,492.977,8.631,

[2025-06-13 15:03:30] ,2,49.216,418.039,169.095,22.391,446.841,-50.711,

[2025-06-13 15:03:40] ,1,64.375,460.023,-31.574,64.639,508.927,8.785,

[2025-06-13 15:03:48] ,2,44.8,477.884,68.854,18.371,483.618,-169.38,

[2025-06-13 15:04:00] ,4,79.666,478.543,38.418,51.984,503.786,49.008,

[2025-06-13 15:04:15] ,1,-12.013,412.37,-74.97,19.161,445.918,56.87,

[2025-06-13 15:04:22] ,1,-7.532,456.002,-41.8,31.157,458.243,-23.199,

[2025-06-13 15:04:31] ,1,18.832,465.098,79.38,19.886,509.257,-17.628,

[2025-06-13 15:04:39] ,2,40.318,418.698,79.192,-1.798,424.102,80.287,

[2025-06-13 15:04:48] ,1,24.896,469.052,-20.497,4.661,514.793,83.32,

[2025-06-13 15:04:56] ,2,55.543,468.986,-162.044,18.436,483.948,-76.209,

[2025-06-13 15:05:04] ,4,8.682,496.932,-82.875,50.752,518.837,-19.231,

[2025-06-13 15:05:15] ,1,27.071,450.927,8.631,2.552,495.811,58.69,

[2025-06-13 15:05:22] ,2,40.252,398.398,55.305,51.523,498.645,-10.305,

[2025-06-13 15:05:32] ,1,71.625,407.955,6.74,10.198,484.804,-65.934,

[2025-06-13 15:05:40] ,1,-10.761,403.275,-32.391,30.63,494.559,-19.242,

[2025-06-13 15:05:49] ,2,26.609,410.591,-169.695,40.714,454.816,-175.95,

[2025-06-13 15:05:57] ,4,44.207,498.448,-84.341,24.632,514.661,24.74,

[2025-06-13 15:06:09] ,1,-1.995,452.114,-71.565,-6.148,500.161,-52.214,

[2025-06-13 15:06:24] ,1,11.318,405.186,-39.936,82.895,457.386,51.499,

[2025-06-13 15:06:32] ,1,48.161,465.295,-64.106,67.67,465.295,53.231,

[2025-06-13 15:06:40] ,2,49.348,400.507,-117.255,71.625,417.182,125.119,

[2025-06-13 15:06:50] ,2,17.975,419.686,66.869,52.643,425.42,143.637,

[2025-06-13 15:06:58] ,2,48.161,436.295,-44.64,44.471,479.4,146.17,

[2025-06-13 15:07:06] ,4,-8.191,476.104,-47.121,0.707,516.968,-73.35,

[2025-06-13 15:07:15] ,1,34.123,455.079,74.261,20.018,471.425,-46.757,

[2025-06-13 15:07:22] ,1,52.511,499.963,47.521,49.15,513.475,74.97,

[2025-06-13 15:07:31] ,2,45.921,436.559,-27.022,69.977,439.327,-41.379,

[2025-06-13 15:07:39] ,2,25.555,488.1,-45,73.866,491.659,-127.381,

[2025-06-13 15:07:48] ,1,17.118,461.143,-22.736,33.53,500.623,37.476,

[2025-06-13 15:07:56] ,2,39.33,406.043,134.265,10.725,422.586,175.406,

[2025-06-13 15:08:05] ,2,3.607,467.009,-101.211,46.316,473.204,-105.388,

[2025-06-13 15:08:13] ,2,43.35,483.42,62.978,2.355,487.573,90,

[2025-06-13 15:08:21] ,4,-5.668,398.397,-48.323,33.134,423.575,64.12,

[2025-06-13 15:08:31] ,1,31.157,475.907,42.173,41.241,485.661,-57.567,

[2025-06-13 15:08:38] ,1,15.405,491.198,-38.186,62.859,493.175,80.2,

[2025-06-13 15:08:47] ,2,22.391,421.4,175.914,33.53,461.011,-94.554,

[2025-06-13 15:08:55] ,2,5.518,501.15,-90,3.343,513.541,-124.535,

[2025-06-13 15:09:03] ,4,73.339,472.216,-37.786,34.65,511.761,26.105,

[2025-06-13 15:09:15] ,2,56.136,481.377,4.086,31.486,489.088,15.388,

[2025-06-13 15:09:24] ,2,67.077,420.543,-31.405,48.227,490.407,29.999,

[2025-06-13 15:09:35] ,4,78.216,406.439,-84.237,0.707,439.789,36.363,

[2025-06-13 15:09:50] ,1,8.023,414.348,-29.999,36.034,426.739,-59.56,

[2025-06-13 15:09:57] ,1,22.325,434.779,-57.295,1.432,438.339,61.189,

[2025-06-13 15:10:06] ,1,38.341,440.184,-66.602,55.082,443.677,72.525,

[2025-06-13 15:10:14] ,1,32.409,458.573,-40.061,29.246,473.204,-34.249,

[2025-06-13 15:10:23] ,1,19.096,482.036,5.013,38.671,500.886,-32.981,

[2025-06-13 15:10:31] ,2,68.264,413.293,-153.204,44.273,417.182,-56.592,

[2025-06-13 15:10:39] ,2,45.327,457.65,-11.31,5.255,486.716,22.736,

[2025-06-13 15:10:47] ,4,71.955,434.714,-7.253,-3.841,454.354,22.932,

[2025-06-13 15:10:58] ,1,50.93,409.932,-75.593,64.573,497.525,-10.214,

[2025-06-13 15:11:04] ,2,57.85,448.752,6.062,-2.259,506.95,-28.856,

[2025-06-13 15:11:13] ,4,77.886,466.482,90,81.205,501.984,62.266,

[2025-06-13 15:11:22] ,1,51.589,432.143,45,7.1,460.089,45.36,

[2025-06-13 15:11:28] ,2,6.111,447.5,90,29.575,514.595,-4.594,

[2025-06-13 15:11:38] ,2,41.505,458.177,13.299,65.825,480.389,110.376,

[2025-06-13 15:11:48] ,2,65.166,489.418,49.733,15.602,503.193,-66.4,

[2025-06-13 15:11:55] ,4,-7.663,448.554,78.69,-7.268,517.561,65.513,

[2025-06-13 15:12:06] ,4,85.861,437.811,-17.447,-12.145,464.439,72.372,

[2025-06-13 15:12:21] ,1,10.33,407.098,37.786,60.025,416.259,70.105,

[2025-06-13 15:12:28] ,1,-8.191,469.382,26.114,47.964,480.389,15.388,

[2025-06-13 15:12:36] ,2,46.382,404.659,45,26.148,437.943,160.925,

[2025-06-13 15:12:44] ,2,3.936,474.918,71.565,21.468,478.016,164.612,

[2025-06-13 15:12:52] ,2,1.432,487.507,-106.015,53.698,500.952,-81.293,

[2025-06-13 15:13:02] ,1,5.386,450.795,-73.496,74.789,454.486,-17.292,

[2025-06-13 15:13:10] ,1,29.839,476.039,73.156,7.891,484.145,87.99,

[2025-06-13 15:13:18] ,1,41.571,507.148,-25.88,28.784,510.113,-4.594,

[2025-06-13 15:13:27] ,1,16.13,514.463,-31.574,-2.523,517.561,-38.82,

[2025-06-13 15:13:35] ,2,14.943,409.009,-115.419,42.757,419.093,172.304,

[2025-06-13 15:13:53] ,2,-12.277,409.009,-25.641,39.264,419.62,128.1,

[2025-06-13 15:14:01] ,1,75.843,407.098,66.938,4.596,408.152,-38.82,

[2025-06-13 15:14:08] ,1,56.796,421.795,65.726,29.509,430.561,76.209,

[2025-06-13 15:14:17] ,1,40.846,469.579,-13.183,66.88,477.554,-63.662,

[2025-06-13 15:14:26] ,1,52.248,479.993,5.56,19.491,497.327,45,

[2025-06-13 15:14:34] ,2,-3.643,423.443,23.6,7.561,455.607,175.446,

[2025-06-13 15:14:43] ,2,22.984,459.957,-142.829,30.959,483.486,60.255,

[2025-06-13 15:14:53] ,1,62.464,424.498,80.2,84.543,444.6,-18.273,

[2025-06-13 15:15:00] ,1,-4.698,469.052,-23.199,64.968,471.491,-20.674,

[2025-06-13 15:15:09] ,1,34.386,478.148,20.497,76.964,478.741,-6.116,

[2025-06-13 15:15:18] ,1,0.443,484.277,-13.791,26.477,495.679,48.909,

[2025-06-13 15:15:28] ,1,49.875,497.327,70.448,3.475,503.391,4.594,

[2025-06-13 15:15:36] ,2,73.998,448.884,-8.707,30.959,448.95,50.711,

[2025-06-13 15:15:46] ,2,9.736,440.909,142.927,22.721,495.811,64.12,

[2025-06-13 15:15:56] ,4,71.625,490.077,78.19,10,506.291,-3.066,

[2025-06-13 15:16:11] ,1,10,416.852,-28.61,57.85,432.077,13.299,

[2025-06-13 15:16:18] ,1,29.443,433.725,87.466,9.275,466.35,-82.937,

[2025-06-13 15:16:27] ,1,72.152,487.902,63.208,0.905,492.45,-77.692,

[2025-06-13 15:16:35] ,1,47.239,512.75,32.981,65.43,518.418,30.7,

[2025-06-13 15:16:44] ,2,-8.125,399.255,-126.56,1.63,449.477,109.552,

[2025-06-13 15:16:52] ,2,32.409,450.993,116.565,57.125,465.032,143.936,

[2025-06-13 15:17:02] ,1,-2.72,430.429,38.581,33.859,437.086,83.884,

[2025-06-13 15:17:10] ,1,24.236,476.302,55.337,41.439,483.618,60.505,

[2025-06-13 15:17:18] ,1,51.721,506.027,47.521,12.307,514.859,-1.534,

[2025-06-13 15:17:27] ,2,75.316,401.166,60.843,32.673,420.016,-140.389,

[2025-06-13 15:17:35] ,4,78.216,447.764,79.192,24.764,508.861,-73.35,

[2025-06-13 15:17:47] ,1,19.886,443.084,-41.8,58.575,495.218,-65.934,

[2025-06-13 15:17:54] ,4,79.732,489.682,1.042,76.647,513.123,21.898,

[2025-06-13 15:18:05] ,2,-9.113,430.759,-37.073,72.68,473.864,-167.196,

[2025-06-13 15:18:18] ,2,21.468,454.816,-120.184,25.423,495.877,-123.408,

[2025-06-13 15:18:30] ,4,18.766,401.364,-32.829,51.061,413.557,79.095,

[2025-06-13 15:18:46] ,1,44.932,420.345,-55.176,19.755,452.509,-65.225,

[2025-06-13 15:18:53] ,2,23.38,438.932,103.183,-0.084,458.243,-17.802,

[2025-06-13 15:19:05] ,2,16.459,461.604,-135,58.773,473.073,87.955,

[2025-06-13 15:19:12] ,2,-8.652,473.27,-58.69,10.593,475.182,80.949,

[2025-06-13 15:19:21] ,1,26.477,399.057,26.796,37.352,406.702,-36.363,

[2025-06-13 15:19:29] ,1,44.339,433.132,71.405,13.493,438.339,38.581,

[2025-06-13 15:19:37] ,1,28.521,443.479,88.479,55.016,457.452,31.31,

[2025-06-13 15:19:46] ,1,40.911,482.827,-7.628,-9.048,485.266,-55.049,

[2025-06-13 15:19:56] ,1,27.598,400.77,-11.915,27.73,496.668,79.786,

[2025-06-13 15:20:06] ,1,14.482,451.191,74.745,75.58,477.225,68.671,

[2025-06-13 15:20:14] ,2,28.323,469.975,55.337,25.752,486.848,-84.44,

[2025-06-13 15:20:23] ,2,8.88,490.341,-118.61,64.639,493.966,-133.55,

[2025-06-13 15:20:32] ,2,52.314,451.059,137.862,0.773,504.248,100.808,

[2025-06-13 15:20:40] ,4,79.6,499.568,-66.666,62.727,514.991,-23.334,

[2025-06-13 15:20:56] ,1,-5.291,423.575,-24.066,26.675,447.566,27.688,

[2025-06-13 15:21:03] ,1,12.505,447.829,33.13,47.634,473.139,-31.31,

[2025-06-13 15:21:11] ,2,4.068,412.832,145.176,30.036,429.111,10.214,

[2025-06-13 15:21:20] ,2,-9.245,436.889,-41.042,66.88,438.404,-131.719,

[2025-06-13 15:21:28] ,2,44.075,459.1,-131.8,13.625,466.614,13.791,

[2025-06-13 15:21:35] ,2,2.025,473.073,20.2,18.239,485.991,109.552,

[2025-06-13 15:21:43] ,2,39,488.298,-113.398,36.627,499.766,62.978,

[2025-06-13 15:21:53] ,1,1.761,429.639,-52.214,58.905,482.3,-35.655,

[2025-06-13 15:22:01] ,1,-9.179,509.323,60.001,67.736,515.848,-39.472,

[2025-06-13 15:22:10] ,2,64.046,450.202,-76.209,82.698,469.514,-161.727,

[2025-06-13 15:22:18] ,2,-10.629,479.532,-139.674,17.711,488.298,-131.424,

[2025-06-13 15:22:28] ,1,10.132,403.539,38.82,41.109,422.454,26.565,

[2025-06-13 15:22:35] ,1,68.923,477.225,-33.13,52.709,502.666,-32.276,

[2025-06-13 15:22:43] ,2,27.202,442.82,147.295,53.302,480.323,60.505,

[2025-06-13 15:22:53] ,1,57.389,457.189,-9.713,65.759,477.291,65.726,

[2025-06-13 15:23:01] ,4,84.939,482.827,62.507,67.802,518.418,23.54,

[2025-06-13 15:23:14] ,2,70.439,468.129,50.782,51.325,469.382,173.379,

[2025-06-13 15:23:20] ,4,45.789,493.504,-62.978,-1.204,513.804,-40.601,

[2025-06-13 15:23:31] ,4,76.634,432.209,-35.119,84.939,486.32,-50.128,

[2025-06-13 15:23:47] ,1,-12.936,448.027,-45,2.421,455.475,4.554,

[2025-06-13 15:23:54] ,2,23.248,451.323,-25.659,24.566,483.025,167.307,

[2025-06-13 15:24:02] ,4,84.016,480.916,63.667,79.95,507.523,43.891,

[2025-06-13 15:24:12] ,1,50.732,455.409,-67.068,-6.148,472.084,-4.554,

[2025-06-13 15:24:21] ,1,14.943,460.418,-32.433,35.507,514.661,13.912,

[2025-06-13 15:24:29] ,2,41.109,426.804,-13.299,74.261,486.32,23.6,

[2025-06-13 15:24:39] ,2,5.65,474.325,127.476,67.407,494.691,-85.878,

[2025-06-13 15:24:47] ,2,-8.257,503.523,43.905,12.109,508.861,-147.724,

[2025-06-13 15:24:56] ,4,15.075,399.386,57.885,-12.145,465.295,90,

[2025-06-13 15:25:06] ,2,-3.775,500.688,156.4,33.134,515.188,135,

[2025-06-13 15:25:16] ,4,77.095,471.359,36.254,-5.093,497.459,54.758,

[2025-06-13 15:25:32] ,1,62.661,466.943,34.114,26.477,467.339,42.541,

[2025-06-13 15:25:39] ,1,68.395,495.811,73.985,7.891,508.136,6.116,

[2025-06-13 15:25:47] ,2,42.823,401.1,-102.529,5.386,422.454,7.125,

[2025-06-13 15:25:57] ,2,35.771,454.684,174.44,36.957,481.641,-123.13,

[2025-06-13 15:26:08] ,2,17.711,478.873,116.338,23.116,498.118,86.906,

[2025-06-13 15:26:15] ,4,3.475,422.718,3.094,69.78,510.443,-44.265,

[2025-06-13 15:26:31] ,2,16.591,418.698,131.76,-8.982,436.427,4.086,

[2025-06-13 15:26:38] ,2,6.046,444.468,-67.068,12.373,467.207,0,

[2025-06-13 15:26:47] ,4,53.368,398.058,-24.228,-7.684,400.096,-71.4,

[2025-06-13 15:26:57] ,2,3.277,459.364,30.619,-10.959,477.818,75.719,

[2025-06-13 15:27:04] ,2,-6.741,504.973,153.435,46.448,512.75,165.964,

[2025-06-13 15:27:13] ,4,79.6,435.702,35.838,19.03,499.634,-76.088,

[2025-06-13 15:27:58] ,1,78.677,422.718,-64.359,3.014,437.614,70.278,

[2025-06-13 15:28:04] ,1,78.677,422.784,-63.895,2.948,437.548,69.974,

[2025-06-13 15:28:10] ,1,38.275,448.95,-41.091,50.205,463.318,-37.266,

[2025-06-13 15:28:19] ,1,78.941,469.909,5.102,29.641,475.182,-52.125,

[2025-06-13 15:28:28] ,1,73.932,487.77,80.2,44.668,496.8,17.475,

[2025-06-13 15:28:36] ,2,61.277,419.95,178.977,76.37,441.436,-168.19,

[2025-06-13 15:28:47] ,1,-1.073,455.014,-68.009,30.3,467.998,-1.014,

[2025-06-13 15:28:55] ,1,44.207,476.829,-3.545,35.111,485.595,-34.663,

[2025-06-13 15:29:03] ,1,63.386,488.364,-31.139,14.086,492.186,-45,

[2025-06-13 15:29:12] ,1,75.975,504.05,-90,10.923,517.891,34.824,

[2025-06-13 15:29:20] ,2,40.846,434.12,-57.019,45.13,494.427,47.521,

[2025-06-13 15:29:30] ,1,36.364,448.752,6.062,50.271,490.143,28.163,

[2025-06-13 15:29:40] ,2,39.659,402.682,-149.744,12.702,501.743,-126.363,

[2025-06-13 15:29:52] ,1,-0.611,475.182,-58.261,34.189,506.95,81.798,

[2025-06-13 15:30:01] ,2,18.371,398.332,-15.03,15.141,516.704,-145.176,

[2025-06-13 15:30:18] ,1,-11.157,436.098,-8.707,27.73,473.666,46.414,

[2025-06-13 15:30:26] ,1,34.386,508.334,8.202,-5.62,509.454,36.666,

[2025-06-13 15:30:36] ,1,17.777,438.207,-50.323,-8.323,513.607,-45.36,

[2025-06-13 15:30:44] ,2,53.566,435.043,-34.951,34.914,439.591,-79.875,

[2025-06-13 15:30:52] ,4,-0.809,461.604,90,42.098,507.148,26.333,

[2025-06-13 15:31:08] ,1,51.523,433.791,78.69,53.105,462.791,-59.381,

[2025-06-13 15:31:15] ,1,50.798,483.882,-39.677,20.546,493.043,81.369,

[2025-06-13 15:31:24] ,2,31.684,406.636,20.556,47.239,408.811,-140.782,

[2025-06-13 15:31:32] ,2,44.668,422.916,-118.405,-5.62,472.084,153.208,

[2025-06-13 15:31:41] ,4,19.557,506.818,1.032,69.794,515.334,87.898,

[2025-06-13 15:31:51] ,1,13.955,459.364,44.293,-11.025,462.395,51.814,

[2025-06-13 15:31:58] ,1,53.698,481.311,-33.551,37.155,481.509,-16.22,

[2025-06-13 15:32:07] ,1,42.625,505.895,-36.666,-8.652,517.495,-30.7,

[2025-06-13 15:32:15] ,2,58.707,404.923,147.885,55.411,440.382,-2.556,

[2025-06-13 15:32:33] ,2,28.916,451.257,95.56,63.255,486.782,-104.534,

[2025-06-13 15:32:40] ,2,21.468,494.163,-62.526,46.052,503.852,-37.786,

[2025-06-13 15:32:48] ,4,55.873,402.56,73.051,76.568,501.282,-22.38,

[2025-06-13 15:33:00] ,4,79.666,496.47,87.421,68.163,513.127,23.062,

[2025-06-13 15:33:11] ,2,25.291,461.67,-24.986,34.65,512.025,-112.463,

[2025-06-13 15:33:18] ,4,80.422,501.047,-71.4,-0.479,514.529,84.341,

[2025-06-13 15:33:34] ,2,43.152,470.634,-169.287,16.723,492.252,144.638,

[2025-06-13 15:33:41] ,4,81.709,448.752,88.968,85.268,478.279,48.281,

[2025-06-13 15:33:49] ,1,36.627,417.973,-31.139,58.641,445.589,-59.816,

[2025-06-13 15:33:56] ,1,3.871,427.661,-29.055,7.825,457.32,57.295,

[2025-06-13 15:34:05] ,1,42.889,465.361,-4.554,57.521,513.343,45,

[2025-06-13 15:34:15] ,1,49.809,400.045,49.399,65.495,494.163,65.726,

[2025-06-13 15:34:24] ,2,-11.288,450.334,-65.472,1.3,510.97,-8.202,

[2025-06-13 15:34:36] ,1,53.566,484.607,57.295,18.502,506.225,-69.624,

[2025-06-13 15:34:47] ,2,-4.5,461.341,171.87,7.232,499.568,-15.524,

[2025-06-13 15:34:57] ,4,11.714,507.148,-18.273,39.725,513.343,73.843,

[2025-06-13 15:35:14] ,1,2.816,436.229,-86.455,21.6,465.032,-10.125,

[2025-06-13 15:35:21] ,2,8.682,425.618,93.066,16.986,506.884,-69.8,

[2025-06-13 15:35:30] ,4,82.632,472.611,-74.338,82.109,507.181,68.394,

[2025-06-13 15:35:40] ,1,3.146,452.707,-61.189,73.8,465.954,52.927,

[2025-06-13 15:35:47] ,1,0.048,483.75,25.659,73.141,499.238,19.895,

[2025-06-13 15:35:57] ,1,74.525,455.014,46.081,76.7,478.477,79.695,

[2025-06-13 15:36:07] ,1,-5.62,437.745,70.448,-3.577,457.386,73.496,

[2025-06-13 15:36:17] ,1,12.307,490.736,-90,18.107,501.15,86.961,

[2025-06-13 15:36:34] ,1,10.396,404.725,-55.597,26.807,435.702,24.528,

[2025-06-13 15:36:42] ,1,13.361,456.661,-45,46.184,467.536,28.811,

[2025-06-13 15:36:50] ,1,-5.093,490.604,-50.389,67.407,506.291,-73.35,

[2025-06-13 15:36:59] ,2,2.091,415.402,8.202,58.311,441.304,16.991,

[2025-06-13 15:37:07] ,2,17.25,445.391,-49.289,-0.282,473.402,136.081,

[2025-06-13 15:37:17] ,2,-10.563,481.443,-32.276,19.491,503.72,-11.411,

[2025-06-13 15:37:32] ,1,50.007,402.748,-55.305,22.589,406.702,-68.295,

[2025-06-13 15:37:40] ,1,17.448,430.495,-12.804,34.914,434.054,7.125,

[2025-06-13 15:37:48] ,1,36.232,456.661,18.595,49.677,466.416,2.027,

[2025-06-13 15:37:56] ,1,6.639,474.325,-76.329,4.398,485.332,-77.8,

[2025-06-13 15:38:23] ,4,82.764,426.87,6.74,74.13,509.323,17.942,

[2025-06-13 15:38:39] ,4,23.643,497.854,-4.05,83.027,502.138,-58.595,

[2025-06-13 15:38:56] ,4,79.287,458.625,-44.326,71.559,515.452,-68.776,

[2025-06-13 15:39:42] ,4,85.343,514.945,14.421,-11.684,516.309,-3.094,

[2025-06-13 15:39:51] ,1,35.507,426.475,66.4,81.445,448.62,-41.042,

[2025-06-13 15:39:58] ,1,20.216,467.273,-59.636,43.152,474.259,-3.514,

[2025-06-13 15:40:06] ,1,-9.509,485.991,75.719,25.686,487.902,29.495,

[2025-06-13 15:40:15] ,1,72.482,494.229,-57.019,57.586,503.193,-77.196,

[2025-06-13 15:40:24] ,2,57.389,410.13,149.036,38.539,440.579,-131.424,

[2025-06-13 15:40:32] ,2,37.155,408.152,14.664,22.786,440.645,-131.379,

[2025-06-13 15:40:40] ,2,8.155,443.216,134.64,-6.082,472.15,-2.045,

[2025-06-13 15:40:48] ,4,78.875,511.432,-25.866,29.727,512.404,-62.166,

[2025-06-13 15:40:59] ,1,-9.311,422.323,55.465,26.873,458.375,31.739,

[2025-06-13 15:41:06] ,1,8.155,489.22,-9.211,19.03,493.307,-0.507,

[2025-06-13 15:41:14] ,1,-4.829,508.004,-76.584,33.068,511.432,7.125,

[2025-06-13 15:41:23] ,2,17.382,421.927,137.175,71.361,476.698,-65.045,

[2025-06-13 15:41:31] ,2,41.373,483.618,-163.496,63.65,498.118,9.293,

[2025-06-13 15:41:41] ,1,55.543,428.189,77.082,52.841,500.754,-1.023,

[2025-06-13 15:41:49] ,4,75.909,483.816,-46.824,77.004,518.413,79.509,

[2025-06-13 15:42:00] ,1,-3.511,445.918,-25.659,9.077,501.743,43.919,

[2025-06-13 15:42:07] ,2,5.518,424.498,160.105,-9.113,462.593,28.61,

[2025-06-13 15:42:23] ,2,6.902,414.348,-28.163,14.548,455.87,83.437,

[2025-06-13 15:42:31] ,4,29.641,507.938,60.001,73.085,515.869,80.022,

[2025-06-13 15:42:47] ,1,-1.929,425.486,78.789,12.571,442.557,14.899,

[2025-06-13 15:42:54] ,1,58.377,456.595,-69.326,-2.786,461.011,72.044,

[2025-06-13 15:43:02] ,1,25.357,473.204,1.507,46.909,477.423,-77.905,

[2025-06-13 15:43:11] ,2,24.896,415.534,110.2,35.375,436.954,-173.379,

[2025-06-13 15:43:21] ,1,40.45,492.977,47.862,4.727,499.634,78.19,

[2025-06-13 15:43:29] ,2,7.627,398.2,-3.122,-10.498,409.668,-76.342,

[2025-06-13 15:43:39] ,1,-0.743,425.75,-36.666,73.141,482.827,32.55,

[2025-06-13 15:43:47] ,2,11.78,505.038,81.293,52.973,510.904,-92.045,

[2025-06-13 15:44:04] ,1,4.925,455.673,51.814,22.127,474.523,-21.615,

[2025-06-13 15:44:14] ,1,-2.523,485.595,-75.719,-9.575,502.995,-33.83,

[2025-06-13 15:44:25] ,2,63.848,481.575,97.696,-6.807,494.032,-104.407,

[2025-06-13 15:44:35] ,4,71.559,489.945,-32.55,41.373,507.477,-33.977,

[2025-06-13 15:44:53] ,1,28.982,479.202,-16.361,13.164,508.795,-65.726,

[2025-06-13 15:45:23] ,2,29.048,418.039,107.14,17.975,453.432,-172.372,

[2025-06-13 15:45:33] ,2,50.402,472.084,111.329,1.432,473.007,-21.801,

[2025-06-13 15:45:45] ,1,-10.3,450.268,81.87,3.014,510.838,-80.2,

[2025-06-13 15:46:09] ,2,27.4,410.393,61.595,12.834,455.936,121.739,

[2025-06-13 15:46:17] ,2,4.002,487.639,-81.293,9.934,504.116,-60.446,

[2025-06-13 15:46:25] ,1,73.866,444.139,83.32,64.573,453.827,-78.69,

[2025-06-13 15:46:33] ,1,13.032,473.534,-29.495,45.525,497.92,80.287,

[2025-06-13 15:46:44] ,1,45.327,400.968,32.55,12.043,433.395,69.146,

[2025-06-13 15:46:55] ,1,12.241,451.389,50.323,41.571,488.429,-38.581,

[2025-06-13 15:47:12] ,1,9.868,418.17,8.202,-10.366,462.659,61.39,

[2025-06-13 15:47:20] ,2,33.661,447.764,-171.369,36.561,485.266,143.637,

[2025-06-13 15:47:36] ,1,50.864,426.277,-38.501,10.659,451.125,-66.602,

[2025-06-13 15:47:44] ,1,8.616,477.291,-14.769,-9.179,484.87,-79.287,

[2025-06-13 15:47:53] ,1,58.839,398.2,-64.134,37.286,486.123,-80.87,

[2025-06-13 15:48:01] ,1,55.148,495.02,53.637,12.175,495.745,53.231,

[2025-06-13 15:48:11] ,1,80.523,502.798,8.202,57.257,513.607,-5.659,

[2025-06-13 15:48:21] ,1,6.836,407.559,10.305,-9.904,456.266,60.698,

[2025-06-13 15:48:29] ,1,44.668,497.92,33.13,29.971,507.148,-76.088,

[2025-06-13 15:48:39] ,1,-8.784,462,-53.231,27.466,514.134,-34.114,

[2025-06-13 15:48:50] ,1,17.777,399.584,16.65,21.139,469.052,69.974,

[2025-06-13 15:49:06] ,1,13.559,433.132,6.116,43.548,441.37,-11.706,

[2025-06-13 15:49:14] ,1,33.134,449.675,-29.932,-5.686,458.375,66.602,

[2025-06-13 15:49:23] ,1,51.391,459.1,79.875,-0.15,497.459,16.504,

[2025-06-13 15:49:35] ,1,17.184,407.559,52.619,52.446,482.036,50.711,

[2025-06-13 15:50:07] ,1,-0.084,445.127,-88.986,60.091,448.489,-41.8,

[2025-06-13 15:50:15] ,1,42.889,457.189,10.713,12.9,458.77,-8.059,

[2025-06-13 15:50:24] ,1,28.125,461.604,52.431,75.448,492.054,66.869,

[2025-06-13 15:50:32] ,1,10.132,496.866,-24.986,-3.643,505.236,44.64,

[2025-06-13 15:50:43] ,1,32.607,448.818,-26.565,71.427,481.114,-74.476,

[2025-06-13 15:50:51] ,1,10.527,489.616,26.338,31.421,502.534,41.424,

[2025-06-13 15:50:59] ,1,8.484,508.663,-4.594,-10.893,512.486,39.542,

[2025-06-13 15:51:10] ,1,53.302,482.234,55.049,42.559,503.457,-14.407,

[2025-06-13 15:51:18] ,2,29.114,470.7,-21.615,25.95,489.023,-123.408,

[2025-06-13 15:51:28] ,1,9.868,445.918,-88.977,-0.15,462.989,-57.567,

[2025-06-13 15:51:51] ,1,0.114,430.825,-45.36,41.175,431.352,79.287,

[2025-06-13 15:51:59] ,1,75.843,445.589,-18.113,-5.027,498.25,-31.139,

[2025-06-13 15:52:09] ,1,79.073,453.827,-79.695,8.221,504.709,3.576,

[2025-06-13 15:52:21] ,1,15.471,498.382,16.991,33.859,500.82,9.211,

[2025-06-13 15:52:31] ,1,-9.245,460.55,-22.932,-10.234,497.459,47.521,

[2025-06-13 15:52:48] ,1,5.518,432.341,-49.289,45.261,452.839,88.479,

[2025-06-13 15:52:58] ,1,0.246,421.664,-74.476,1.959,469.645,-41.468,

[2025-06-13 15:53:14] ,1,39.791,487.045,23.86,48.425,493.241,20.2,

[2025-06-13 15:53:24] ,1,83.291,484.607,-14.407,24.039,513.607,58.158,

[2025-06-13 15:54:06] ,1,-5.225,430.627,37.476,82.236,433.198,36.56,

[2025-06-13 15:54:14] ,1,29.377,433.791,-17.475,62.266,445.918,-80.789,

[2025-06-13 15:54:23] ,1,50.468,484.409,35.655,14.416,484.936,42.51,

[2025-06-13 15:54:31] ,1,-6.543,514.991,23.806,32.805,516.638,-12.417,

[2025-06-13 15:54:47] ,1,37.946,432.143,-64.341,62.464,456.529,-30.877,

[2025-06-13 15:54:55] ,1,12.9,463.252,38.972,44.207,469.777,-52.431,

[2025-06-13 15:55:12] ,1,22.852,429.902,-68.671,30.432,456.991,-62.987,

[2025-06-13 15:55:20] ,1,17.118,471.886,-84.987,-12.211,480.454,-33.83,

[2025-06-13 15:55:29] ,1,19.359,507.213,16.504,58.971,508.004,-88.968,

[2025-06-13 15:55:45] ,1,15.075,417.116,60.945,40.384,420.28,36.363,

[2025-06-13 15:55:53] ,1,36.1,464.307,13.183,-8.784,490.802,21.329,

[2025-06-13 15:56:03] ,1,75.382,434.714,33.408,-4.302,500.886,17.956,

[2025-06-13 15:56:12] ,1,-7.334,491.395,-28.811,9.209,509.652,-86.424,

[2025-06-13 15:56:29] ,1,19.886,420.016,-8.202,42.361,499.37,64.12,

[2025-06-13 15:56:39] ,1,83.884,461.143,69.624,43.746,464.373,-27.013,

[2025-06-13 15:56:50] ,1,-1.929,408.614,-62.289,83.95,447.17,-20.854,

[2025-06-13 15:57:16] ,1,32.014,445.193,-38.972,56.927,468.789,57.567,

[2025-06-13 15:57:24] ,1,2.486,498.909,77.692,39.857,514.398,85.365,

[2025-06-13 15:57:44] ,4,80.786,468.789,90,81.116,505.5,-35.119,

[2025-06-13 15:58:51] ,1,3.014,407.295,-42.825,-1.995,436.098,59.816,

[2025-06-13 15:58:58] ,1,34.584,402.418,-52.619,66.88,421.268,54.048,

[2025-06-13 15:59:07] ,1,15.009,436.889,0,75.58,444.732,59.123,

[2025-06-13 15:59:15] ,1,60.618,451.586,-72.525,-1.863,457.848,11.211,

[2025-06-13 15:59:24] ,1,17.843,460.154,-54.638,21.732,481.509,71.565,

[2025-06-13 15:59:33] ,1,-5.027,485.332,-8.13,75.975,491.791,-36.666,

[2025-06-13 15:59:41] ,1,15.602,504.511,-57.295,49.941,505.566,0,

[2025-06-13 15:59:52] ,1,-1.863,470.041,-37.875,-3.511,493.768,-54.638,

[2025-06-13 16:00:00] ,1,30.234,494.229,-69.624,62.727,500.754,-71.241,

[2025-06-13 16:00:08] ,1,45.525,507.938,-58.158,27.993,511.827,41.76,

[2025-06-13 16:00:19] ,1,7.034,498.316,42.852,26.082,503.918,-83.884,

[2025-06-13 16:00:31] ,1,44.998,463.384,46.414,5.914,469.118,43.568,

[2025-06-13 16:00:39] ,1,58.18,460.418,85.95,27.598,499.963,36.064,

[2025-06-13 16:00:47] ,1,11.252,511.234,80.287,23.511,518.748,58.158,

[2025-06-13 16:00:59] ,1,79.27,500.095,74.338,25.686,510.641,-16.504,

[2025-06-13 16:01:16] ,1,52.05,440.514,-27.474,-3.182,444.798,61.189,

[2025-06-13 16:01:26] ,1,25.225,435.504,-1.534,31.684,472.611,60.068,

[2025-06-13 16:01:38] ,1,58.773,493.307,67.537,30.102,497.195,53.231,

[2025-06-13 16:02:45] ,4,84.792,413.359,-36.764,82.994,501.727,68.102,

[2025-06-13 16:04:22] ,4,-3.109,463.103,57.119,85.281,503.972,68.394,

[2025-06-13 16:04:34] ,1,71.955,435.241,-61.144,59.498,462.857,-3.545,

[2025-06-13 16:04:42] ,1,47.041,489.484,5.057,10.527,505.632,-26.565,

[2025-06-13 16:04:58] ,1,38.341,463.582,55.751,14.218,482.3,-9.13,

[2025-06-13 16:05:08] ,1,-2.457,470.898,79.287,47.7,507.938,-3.094,

[2025-06-13 16:05:25] ,1,10.593,398.266,45,78.875,427.925,-19.411,

[2025-06-13 16:05:33] ,1,-3.511,443.348,45.716,29.509,463.516,38.972,

[2025-06-13 16:05:42] ,1,-10.366,470.041,37.476,18.766,511.629,-81.293,

[2025-06-13 16:05:58] ,1,57.455,437.35,-75.719,-8.85,440.579,-8.202,

[2025-06-13 16:06:13] ,1,39.264,450.532,86.987,31.75,474.72,75.231,

[2025-06-13 16:06:22] ,1,21.534,499.238,-79.287,67.341,507.411,-26.796,

[2025-06-13 16:06:46] ,1,44.8,410.92,-80.2,38.934,449.279,-4.554,

[2025-06-13 16:06:55] ,1,29.377,473.468,-78.887,6.573,502.27,83.379,

[2025-06-13 16:07:06] ,1,67.67,456.595,-57.724,-7.598,514.793,42.101,

[2025-06-13 16:07:30] ,1,26.214,418.698,14.407,22.457,467.602,-16.844,

[2025-06-13 16:07:39] ,1,13.23,489.418,59.123,37.88,494.954,23.398,

[2025-06-13 16:07:56] ,1,56.466,464.439,44.284,28.257,465.559,83.938,

[2025-06-13 16:08:08] ,1,2.091,491.857,66.602,67.473,502.073,-41.379,

[2025-06-13 16:08:27] ,1,1.366,464.307,55.049,9.539,510.245,71.405,

