[2025-10-28 10:32:57] ,1,78.15,434.12,9.211,39.264,460.023,59.381,

[2025-10-28 10:32:59] ,1,78.15,434.12,9.211,39.264,460.023,59.381,

[2025-10-28 10:33:17] ,1,78.15,434.12,9.211,39.264,460.023,59.381,

[2025-10-28 10:36:21] ,1,78.15,434.186,9.13,47.436,455.475,-7.063,

[2025-10-28 10:36:32] ,1,76.37,462.527,-9.628,16.657,469.118,41.84,

[2025-10-28 10:36:49] ,1,19.886,486.254,6.009,78.941,517.232,-5.194,

[2025-10-28 10:37:07] ,2,39.527,500.359,-76.701,13.955,503.786,91.023,

[2025-10-28 10:37:25] ,3,3.277,448.357,2.637,3.249,485.234,39.13,

[2025-10-28 10:37:42] ,4,38.934,416.589,65.472,56.532,486.65,-35.362,

[2025-10-28 10:38:01] ,4,1.102,407.955,22.649,77.689,419.555,4.604,

[2025-10-28 10:38:14] ,2,-4.302,399.255,-43.905,-7.927,459.891,-118.369,

[2025-10-28 10:38:25] ,2,80.852,490.473,-43.905,60.684,493.636,-119.495,

[2025-10-28 10:38:42] ,2,39.396,505.236,45,12.109,507.082,-72.525,

[2025-10-28 10:39:07] ,3,33.727,402.484,-10.339,2.922,494.756,79.357,

[2025-10-28 10:39:26] ,3,8.418,410.591,-13.851,57.104,448.005,86.211,

[2025-10-28 10:39:44] ,1,35.177,468.064,-49.939,15.536,514.727,-3.066,

[2025-10-28 10:40:03] ,1,-6.873,413.557,4.05,26.873,470.502,-88.493,

[2025-10-28 10:40:22] ,2,75.25,413.161,-133.905,-3.709,466.482,-2.01,

[2025-10-28 10:40:32] ,3,27.491,431.031,41.257,9.23,515.671,88.091,

[2025-10-28 10:40:46] ,1,14.548,440.382,-58.261,19.491,459.232,-41.468,

[2025-10-28 10:40:56] ,2,47.634,444.204,-173.379,28.257,489.616,-141.419,

[2025-10-28 10:41:14] ,1,17.711,431.484,-85.446,37.221,488.957,-51.419,

[2025-10-28 10:41:25] ,1,84.543,483.618,79.786,60.091,500.029,77.196,

[2025-10-28 10:41:36] ,3,63.716,421.07,-26.395,-6.891,450.592,79.729,

[2025-10-28 11:07:49] ,3,15.734,412.173,0,48.821,426.804,3.033,

[2025-10-28 11:07:54] ,3,15.734,412.173,0,48.821,426.804,3.033,

[2025-10-28 11:12:59] ,3,14.416,444.798,-3.411,77.03,446.577,3.033,

[2025-10-28 11:13:05] ,3,14.416,444.798,-3.411,77.03,446.577,3.033,

[2025-10-28 11:16:26] ,1,12.241,416.391,4.086,39,420.873,1.023,

[2025-10-28 11:25:23] ,2,34.848,450.729,-1.521,56.4,451.52,-3.039,

[2025-10-28 11:25:28] ,2,34.848,450.729,-1.521,56.4,451.52,-3.039,

[2025-10-28 11:26:28] ,1,26.807,449.873,1.507,56.268,449.939,5.057,

[2025-10-28 11:27:34] ,3,56.796,456.464,-8.344,18.568,458.045,-3.013,

[2025-10-28 11:28:31] ,3,18.773,447.368,-81.283,50.895,451.389,-83.202,

[2025-10-28 11:28:37] ,3,18.773,447.368,-81.283,50.895,451.389,-83.202,

[2025-10-28 11:29:47] ,3,20.429,465.708,59.744,51.392,466.158,55.996,

[2025-10-28 11:30:34] ,3,19.967,453.328,33.794,51.546,459.005,32.961,

[2025-10-28 11:31:41] ,3,49.816,458.995,45,14.1,461.783,43.409,

[2025-10-28 11:32:45] ,3,17.144,455.409,-57.674,44.627,462.593,-57.151,

[2025-10-28 11:34:28] ,3,7,453.695,-43.135,41.739,460.286,-41.82,

[2025-10-28 11:35:16] ,3,7.693,457.979,-14.859,43.021,462.923,-19.272,

[2025-10-28 11:36:40] ,3,23.182,459.495,28.25,53.5,465.559,23.199,

[2025-10-28 11:37:54] ,3,11.989,458.507,-81.711,41.568,465.164,-80.538,

[2025-10-28 13:28:28] ,3,13.691,451.389,3.389,51.852,454.42,0.379,

[2025-10-28 13:28:38] ,3,24.732,440.32,78.986,24.812,485.538,64.779,

[2025-10-28 13:29:57] ,4,80.259,449.873,3.053,33.734,462.506,57.875,

[2025-10-28 13:31:40] ,3,21.468,427.595,9.09,22.984,442.029,1.138,

[2025-10-28 13:33:54] ,3,19.096,420.807,8.717,49.809,421.136,6.089,

[2025-10-28 13:37:16] ,3,73.009,437.548,4.194,40.846,466.416,7.97,

[2025-10-28 13:38:06] ,3,9.407,468.129,7.172,72.745,472.677,7.595,

[2025-10-28 13:39:35] ,3,7.561,500.688,1.897,34.848,509.191,17.601,

[2025-10-28 13:42:47] ,3,0.723,438.932,-82.03,20.477,444.468,-80.538,

[2025-10-28 13:43:59] ,3,-5.146,417.775,-86.589,22.154,417.841,-77.43,

[2025-10-28 13:45:45] ,3,51.453,418.764,-85.426,73.936,421.891,87.346,

[2025-10-28 13:47:02] ,3,45.693,448.668,85.833,71.541,451.858,89.236,

[2025-10-28 13:47:58] ,3,-4.051,479.345,83.534,18.329,483.882,-87.363,

[2025-10-28 13:48:25] ,3,40.067,489.546,84.703,65.666,490.749,88.854,

[2025-10-28 14:16:52] ,3,50.534,423.179,15.789,17.184,425.552,4.167,

[2025-10-28 14:18:38] ,3,71.625,456.991,3.789,38.934,457.979,5.673,

[2025-10-28 14:19:12] ,3,81.643,429.704,11.535,5.848,461.011,1.138,

[2025-10-28 14:20:38] ,3,29.707,418.698,13.392,-1,430.745,-75.506,

[2025-10-28 14:21:15] ,3,34.98,435.241,-1.517,61.211,442.82,-1.138,

[2025-10-28 14:21:47] ,3,-5.423,453.695,-3.764,39.593,461.077,6.798,

[2025-10-28 14:22:16] ,3,69.911,464.439,10.271,15.207,475.907,22.706,

[2025-10-28 14:22:49] ,3,-10.178,479.528,36.719,6.968,503.523,6.843,

[2025-10-28 14:24:17] ,3,58.114,403.473,-16.26,18.558,405.969,67.703,

[2025-10-28 14:24:49] ,3,57.521,421.202,-2.654,30.267,425.738,-42.879,

[2025-10-28 14:25:20] ,3,20.081,450.373,48.991,83.818,459.957,-11.086,

[2025-10-28 14:25:51] ,3,4.98,459.981,65.462,29.823,477.77,-73.229,

[2025-10-28 14:26:25] ,3,-9.311,482.827,-16.88,63.189,498.711,-8.775,

[2025-10-28 14:27:48] ,3,8.014,441.296,-85.079,34.183,443.673,85.456,

[2025-10-28 14:28:31] ,3,7.617,439.987,85.079,33.768,441.717,83.951,

[2025-10-28 14:30:14] ,3,7.475,443.162,84.327,31.438,444.907,82.082,

[2025-10-28 14:31:12] ,3,5.841,440.692,85.079,29.345,441.249,86.611,

[2025-10-28 14:40:46] ,3,29.971,443.545,80.538,3.274,446.709,80.166,

[2025-10-28 14:41:33] ,3,5.51,472.348,-85.079,28.873,474.391,87.363,

[2025-10-28 14:42:44] ,3,56.553,478.609,82.405,7.135,507.148,88.103,

[2025-10-28 14:43:19] ,3,57.14,509.191,81.924,32.662,511.036,85.047,

[2025-10-28 14:44:06] ,3,3.693,515.32,82.355,27.186,516.573,84.668,

[2025-10-28 14:46:19] ,3,2.885,514.835,85.014,26.968,515.521,81.225,

[2025-10-28 14:46:53] ,3,44.548,434.596,79.357,16.298,438.204,82.03,

[2025-10-28 14:48:06] ,3,38.491,508.805,80.102,10.172,509.515,82.405,

[2025-10-28 14:50:38] ,3,35.454,509.7,84.251,9.853,511.589,77.347,

[2025-10-28 14:51:24] ,3,-1.468,513.738,4.953,34.189,518.484,6.509,

[2025-10-28 14:58:50] ,3,38.473,514.2,4.574,2.289,516.111,2.654,

[2025-10-28 14:59:50] ,3,-12.598,429.77,-67.989,13.65,433.923,-70.244,

[2025-10-28 15:00:19] ,3,39.383,437.679,-73.482,1.593,479.993,-70.728,

[2025-10-28 15:00:47] ,3,-0.463,416.259,-82.03,27.18,424.036,-78.914,

[2025-10-28 15:03:12] ,4,48.689,429.309,-75.044,73.405,431.748,-73.846,

[2025-10-28 15:03:24] ,3,48.555,429.309,-74.678,73.197,431.748,-73.846,

[2025-10-28 15:03:29] ,3,48.555,429.309,-74.678,73.197,431.748,-73.846,

[2025-10-28 15:06:36] ,3,48.687,429.309,-74.678,73.128,431.748,-73.482,

[2025-10-28 15:06:42] ,4,48.687,429.309,-74.678,73.128,431.748,-73.482,

[2025-10-28 15:07:12] ,3,54.107,443.875,-68.691,80.813,446.643,-70.475,

[2025-10-28 15:08:03] ,3,-1.073,424.761,23.847,30.827,430.298,27.917,

[2025-10-28 15:08:33] ,3,62.2,438.075,28.944,-10.036,450.861,24.538,

[2025-10-28 15:09:03] ,3,17.512,461.834,30.12,85.598,462.659,20.956,

[2025-10-28 15:09:29] ,3,54.225,467.404,26.735,12.307,487.639,29.792,

[2025-10-28 15:09:53] ,3,38.1,499.115,36.946,68.857,507.938,25.71,

[2025-10-28 15:11:06] ,3,23.301,433.631,58.517,49.101,435.617,54.111,

[2025-10-28 15:11:30] ,3,-0.092,437.277,68.339,76.879,442.073,55.784,

[2025-10-28 15:11:55] ,3,54.86,472.414,60.725,30.565,473.447,54.854,

[2025-10-28 15:12:23] ,3,81.294,473.862,64.799,5.087,474.623,59.554,

[2025-10-28 15:12:49] ,4,64.347,505.105,61.02,41.214,509.029,59.167,

[2025-10-28 15:13:27] ,3,26.78,496.732,65.304,-4.12,500.557,60.208,

[2025-10-28 15:14:47] ,3,37.043,411.132,88.472,3.952,433.329,-69.044,

[2025-10-28 15:14:53] ,3,37.043,411.132,88.472,3.953,433.264,-69.179,

[2025-10-28 15:15:32] ,3,-10.34,431.814,-82.781,21.459,436.954,-85.047,

[2025-10-28 15:16:06] ,3,44.113,444.291,78.17,71.745,448.515,77.062,

[2025-10-28 15:16:54] ,3,-12.581,470.057,78.986,10.573,474.454,82.03,

[2025-10-28 15:22:41] ,3,38.421,479.5,79.729,63.934,481.671,79.287,

[2025-10-28 15:23:07] ,3,2.763,508.479,84.289,27.253,509.663,77.347,

[2025-10-28 15:24:10] ,3,-1.367,420.082,-60.725,17.098,425.75,-72.646,

[2025-10-28 15:24:33] ,3,45.842,433.857,-73.482,69.243,443.875,-73.846,

[2025-10-28 15:24:59] ,3,8.6,458.77,-63.939,36.082,465.691,-63.435,

[2025-10-28 15:25:26] ,3,58.261,475.907,-69.044,-12.061,489.286,-52.524,

[2025-10-28 15:25:52] ,3,15.505,495.152,-60.539,67.52,501.15,-63.435,

[2025-10-28 15:27:08] ,3,8.374,470.634,-55.472,38.894,500.095,-57.674,

[2025-10-28 15:29:55] ,3,2.816,426.145,-23.348,39.78,427.068,-37.476,

[2025-10-28 15:30:21] ,3,69.588,430.298,-34.43,75.991,452.377,-32.849,

[2025-10-28 15:30:46] ,3,43.284,460.879,-27.741,13.419,467.404,-37.02,

[2025-10-28 15:31:08] ,3,51.581,488.429,-36.946,13.731,494.229,-40.724,

[2025-10-28 15:31:44] ,3,4.142,425.882,-67.847,28.837,430.561,-73.482,

[2025-10-28 15:32:09] ,3,64.09,441.173,-62.755,-3.607,464.702,-60.909,

[2025-10-28 15:32:32] ,3,27.092,470.964,-55.685,58.113,481.443,-66.652,

[2025-10-28 15:32:57] ,3,-1.691,467.141,-62.083,39.362,477.225,-71.086,

