[2025-02-10 12:02:04] ,2,-6.537,479.94,-74.612,25.528,487.916,43.199,

[2025-02-10 12:02:14] ,1,7.294,414.278,-20.854,-9.183,517.161,3.066,

[2025-02-10 12:02:26] ,2,16.756,448.676,-99.713,7.786,477.309,147.567,

[2025-02-10 12:02:39] ,4,66.475,488.704,50.684,-3.233,515.514,-52.595,

[2025-02-10 12:02:52] ,1,55.415,479.259,84.898,-4.957,513.599,57.724,

[2025-02-10 12:03:10] ,1,20.739,423.637,-13.416,17.708,457.118,-24.986,

[2025-02-10 12:03:20] ,1,59.054,485.289,-73.985,39.523,492.775,-11.81,

[2025-02-10 12:03:33] ,2,19.233,441.446,-70.925,38.271,512.152,18.759,

[2025-02-10 12:03:45] ,3,43.076,419.344,65.999,48.751,463.709,21.309,

[2025-02-10 12:03:58] ,3,-7.03,479.571,86.211,6.864,498.114,-71.086,

[2025-02-10 12:04:12] ,1,71.093,494.105,67.341,3.126,498.914,-79.287,

[2025-02-10 12:04:22] ,1,20.313,513.42,39.936,1.23,515.382,-12.417,

[2025-02-10 12:04:35] ,3,45.983,467.862,-19.983,49.673,501.607,-15.422,

[2025-02-10 12:04:49] ,3,41.671,465.343,31.412,17.519,477.31,77.512,

[2025-02-10 13:28:41] ,3,37.698,477.616,-48.743,50.398,487.239,-27.582,

[2025-02-10 13:28:51] ,1,84.159,461.036,-66.4,4.554,492.035,-30.877,

[2025-02-10 13:29:01] ,2,71.292,425.68,15.03,37.99,493.955,103.912,

[2025-02-10 13:29:23] ,1,54.194,432.814,83.379,50.464,475.573,-2.534,

[2025-02-10 13:29:32] ,1,38.364,494.679,-30.44,71.395,513.256,30.964,

[2025-02-10 13:29:44] ,2,-8.508,443.195,-45,45.96,451.764,-68.854,

[2025-02-10 13:29:57] ,3,11.248,466.609,-4.139,34.47,470.366,-47.397,

[2025-02-10 13:30:09] ,3,75.2,485.459,-49.357,10.339,516.595,68.057,

[2025-02-10 13:30:22] ,4,71.687,421.066,-62.978,84.285,516.491,7.907,

[2025-02-10 13:30:36] ,2,72.535,404.937,116.565,71.199,461.207,54.048,

[2025-02-10 13:30:44] ,2,38.972,470.34,77.307,43.346,488.227,-154.12,

[2025-02-10 13:30:57] ,3,27.067,426.668,-26.227,20.74,474.846,47.141,

[2025-02-10 13:31:09] ,3,-12.368,512.367,83.066,3.612,516.832,-75.685,

[2025-02-10 13:31:23] ,1,36.68,470.648,-49.939,68.392,489.677,-9.713,

[2025-02-10 13:31:34] ,1,43.239,490.889,-42.852,-2.464,502.073,-57.295,

[2025-02-10 13:31:46] ,2,-2.279,406.613,-124.824,-1.867,422.318,-28.163,

[2025-02-10 13:31:58] ,2,69.71,469.18,-29.302,5.965,472.295,74.612,

[2025-02-10 13:32:12] ,2,8.942,452.966,-10.62,12.67,502.185,-149.123,

[2025-02-10 13:32:24] ,1,19.158,504.243,-16.504,78.64,509.709,-33.977,

[2025-02-10 13:32:43] ,1,-4.372,425.152,24.74,25.897,444.249,-45,

[2025-02-10 13:32:53] ,2,7.743,454.442,-113.398,58.796,500.013,149.3,

[2025-02-10 13:33:08] ,1,31.664,461.518,45,66.332,487.668,77.692,

[2025-02-10 13:33:19] ,3,22.683,492.385,78.914,-3.327,508.656,36.642,

[2025-02-10 13:33:32] ,1,34.353,432.009,40.657,54.05,481.699,-30.184,

[2025-02-10 13:33:44] ,1,29.571,490.271,-23.86,9.266,498.18,47.49,

[2025-02-10 13:33:54] ,2,12.634,469.055,75.231,40.935,486.559,-41.8,

[2025-02-10 13:34:07] ,3,68.026,502.068,-43.643,-6.994,504.863,33.901,

[2025-02-10 13:34:21] ,2,67.275,482.037,57.295,51.626,505.801,65.726,

[2025-02-10 13:34:31] ,3,8.434,505.232,-53.973,70.064,514.459,-77.179,

[2025-02-10 13:34:52] ,1,-4.24,422.582,26.792,22.079,433.828,-86.455,

[2025-02-10 13:35:02] ,2,66.612,401.557,-19.093,8.217,409.862,-152.049,

[2025-02-10 13:35:14] ,2,2.219,443.409,173.32,20.41,474.914,159.034,

[2025-02-10 13:35:26] ,2,59.494,488.096,25.419,20.82,491.129,-129.218,

[2025-02-10 13:35:40] ,1,8.82,485.195,75.719,44.38,507.777,-58.861,

[2025-02-10 13:35:50] ,2,-10.921,503.874,-137.175,63.091,503.897,30.964,

[2025-02-10 13:36:02] ,3,10.438,503.716,-84.289,79.032,505.693,-44.185,

[2025-02-10 13:36:18] ,1,5.493,476.6,-58.95,17.246,509.252,15.03,

[2025-02-10 13:36:31] ,1,-11.08,491.129,50.782,59.791,517.987,-35.417,

[2025-02-10 13:36:51] ,1,48.751,427.525,-24.74,33.686,442.256,-73.639,

[2025-02-10 13:37:01] ,1,13.951,459.227,-9.713,-10.534,476.523,39.289,

[2025-02-10 13:37:13] ,1,17.51,498.971,-24.74,0.796,514.044,-41.76,

[2025-02-10 13:37:25] ,2,-7.601,407.291,-154.134,9.023,432.082,-83.884,

[2025-02-10 13:37:37] ,2,73.598,470.498,-28.856,2.545,496.032,117.022,

[2025-02-10 13:37:49] ,3,80.799,428.214,33.584,-4.908,452.641,89.621,

[2025-02-10 13:38:02] ,1,33.13,449.605,19.552,-11.556,466.609,7.063,

[2025-02-10 13:38:13] ,2,45.612,439.296,52.214,33.658,503.98,-1.023,

[2025-02-10 13:38:28] ,2,44.005,459.821,-174.391,22.272,493.22,-45,

[2025-02-10 13:38:40] ,3,70.587,508.989,-48.526,81.991,518.216,-47.203,

[2025-02-10 13:38:54] ,4,85.198,452.702,-10.305,79.53,511.098,-86.878,

[2025-02-10 13:39:24] ,3,18.137,423.834,-42.58,10.458,505.166,3.814,

[2025-02-10 13:39:44] ,4,13.01,398.006,43.152,69.776,512.086,-85.878,

[2025-02-10 13:41:52] ,1,65.853,437.072,37.786,0.901,443.014,-21.329,

[2025-02-10 13:41:57] ,1,65.853,437.072,37.786,0.901,443.014,-21.329,

[2025-02-10 13:42:05] ,1,66.48,455.339,-12.308,58.489,482.551,61.39,

[2025-02-10 13:42:17] ,2,28.78,416.321,-161.241,-8.641,457.622,134.64,

[2025-02-10 13:42:30] ,2,46.849,475.963,-107.956,30.395,483.743,33.83,

[2025-02-10 13:42:44] ,1,83.809,470.594,-49.343,2.468,508.353,-87.955,

[2025-02-10 13:42:55] ,3,32.914,499.63,-63.435,48.444,517.359,-46.621,

[2025-02-10 13:43:09] ,1,80.826,455.992,54.462,23.037,501.936,-68.009,

[2025-02-10 13:43:21] ,2,22.123,402.348,159.444,13.818,437.707,-62.758,

[2025-02-10 13:43:41] ,1,7.609,449.481,83.938,35.409,477.304,-88.493,

[2025-02-10 13:43:51] ,1,48.637,489.075,-44.64,47.711,507.528,72.372,

[2025-02-10 13:44:03] ,2,-9.183,439.587,-171.798,3.504,487.875,-38.501,

[2025-02-10 13:44:17] ,1,67.073,408.939,12.022,-7.652,472.234,87.99,

[2025-02-10 13:44:36] ,1,7.049,409.981,68.671,-4.331,459.275,-69.034,

[2025-02-10 13:44:46] ,1,-7.969,472.179,-73.639,32.273,480.78,-24.319,

[2025-02-10 13:44:59] ,2,50.267,421.593,-180,25.469,446.53,-87.973,

[2025-02-10 13:45:11] ,4,8.938,431.221,35.889,13.094,468.059,24.538,

[2025-02-10 13:45:24] ,4,15.994,491.523,-20.468,-7.536,504.177,25.71,

[2025-02-10 13:45:34] ,1,47.98,501.591,72.676,2.68,514.327,13.416,

[2025-02-10 13:45:42] ,2,31.862,465.881,128.972,15.467,469.246,-24.986,

[2025-02-10 13:45:54] ,3,31.178,511.4,32.735,56.401,517.491,-34.647,

[2025-02-10 13:46:08] ,4,-5.822,452.109,-18.113,80.651,500.355,-55.305,

[2025-02-10 13:46:21] ,1,82.341,467.758,70.105,36.722,515.308,34.114,

[2025-02-10 13:46:29] ,2,16.302,472.475,-119.055,-6.685,483.903,-101.81,

[2025-02-10 13:46:50] ,2,40.308,471.75,-57.567,60.021,494.884,-90,

[2025-02-10 13:46:59] ,3,20.739,427.855,25.545,82.892,436.687,-18.435,

[2025-02-10 13:47:12] ,4,-1.625,457.646,-78.986,31,484.619,64.277,

[2025-02-10 13:47:24] ,4,0.835,481.505,-46.779,77.948,493.632,60.895,

[2025-02-10 13:47:35] ,1,-9.842,428.316,2.045,30.065,497.057,-33.83,

[2025-02-10 13:47:43] ,2,57.101,465.74,128.501,44.6,492.497,131.76,

[2025-02-10 13:47:57] ,1,63.548,491.6,-36.666,8.778,516.605,69.624,

[2025-02-10 13:48:09] ,3,26.737,453.296,-15.584,44.203,477.287,7.219,

[2025-02-10 13:48:21] ,3,12.483,488.755,-63.605,-8.85,500.305,45.815,

[2025-02-10 13:48:41] ,2,48.685,451.055,7.063,10.059,453.457,92.534,

[2025-02-10 13:48:51] ,2,11.248,479.066,-167.905,50.918,481.88,-98.707,

[2025-02-10 13:49:03] ,4,32.35,449.671,-33.69,23.744,500.157,-41.257,

[2025-02-10 13:49:15] ,4,52.046,422.648,0,34.976,432.6,-33.83,

[2025-02-10 13:49:25] ,1,-11.777,413.449,70.105,34.646,444.793,16.991,

[2025-02-10 13:49:34] ,1,14.373,446.636,-30.184,-5.69,466.543,-14.769,

[2025-02-10 13:49:46] ,1,7.336,498.111,54.345,51.228,503.799,-88.466,

[2025-02-10 13:49:58] ,2,12.633,466.741,7.561,50.747,473.329,-44.284,

[2025-02-10 13:50:10] ,3,36.19,468.112,85.456,-5.546,486.671,87.725,

[2025-02-10 13:50:22] ,4,21.267,429.502,-57.45,63.976,502.464,-87.936,

[2025-02-10 13:50:37] ,1,44.138,451.919,75.231,-2.571,477.604,85.486,

[2025-02-10 13:50:45] ,2,7.716,400.93,110.072,46.968,478.861,47.862,

[2025-02-10 13:50:57] ,4,37.367,509.582,-49.853,18.388,515.251,60.871,

[2025-02-10 13:51:13] ,2,39.519,413.7,67.141,14.506,496.286,-91.534,

[2025-02-10 13:51:21] ,4,77.157,502.727,12.022,10.062,511.889,21.991,

[2025-02-10 13:51:35] ,1,45.155,485.141,-53.637,4.855,506.88,-9.8,

[2025-02-10 13:51:43] ,4,-6.283,460.743,-3.814,42.728,509.384,-62.063,

[2025-02-10 13:51:59] ,2,-9.871,482.066,-110.2,64.026,498.57,104.036,

[2025-02-10 13:52:18] ,2,65.081,422.505,107.628,33.789,456.327,0,

[2025-02-10 13:52:28] ,2,37.348,484.668,6.062,73.862,488.03,-173.884,

[2025-02-10 13:52:41] ,1,81.046,442.618,-7.696,65.72,461.146,-40.384,

[2025-02-10 13:52:50] ,1,-8.809,476.487,54.638,33.46,496.796,-3.545,

[2025-02-10 13:53:03] ,2,29.308,422.055,171.798,53.298,467.862,7.125,

[2025-02-10 13:53:17] ,1,49.937,465.489,-8.631,-12.212,466.207,-47.862,

[2025-02-10 13:53:29] ,3,-5.624,428.382,28.944,33.812,473.727,-47.141,

[2025-02-10 13:53:42] ,3,24.371,493.917,73.009,-4.833,502.2,-29.982,

[2025-02-10 13:53:56] ,4,84.539,482.098,9.293,83.682,496.796,65.045,

[2025-02-10 13:54:07] ,2,50.829,409.251,-85.878,-11.82,471.421,25.201,

[2025-02-10 13:54:18] ,1,37.612,442.487,-11.211,78.072,456.654,-57.724,

[2025-02-10 13:54:28] ,2,60.021,445.65,155.934,-11.389,488.922,73.496,

[2025-02-10 13:54:40] ,3,63.487,477.717,39.075,52.573,502.661,-12.281,

[2025-02-10 13:54:54] ,2,61.933,476.496,8.707,65.211,496.12,-135,

[2025-02-10 13:55:07] ,3,9.894,500.091,-30.833,38.228,505.096,61.206,

[2025-02-10 13:55:21] ,1,63.778,473.464,-9.713,53.563,505.869,48.621,

[2025-02-10 13:55:40] ,2,65.426,472.409,6.17,18.6,489.032,-119.745,

[2025-02-10 13:55:51] ,2,44.618,496.321,-128.501,-12.676,508.198,-15.03,

[2025-02-10 13:56:03] ,3,20.944,423.526,73.009,-0.022,457.58,-28.429,

[2025-02-10 13:56:16] ,3,31.515,469.509,-30.446,27.989,507.473,-0.382,

[2025-02-10 13:56:29] ,1,22.367,451.244,-76.209,35.817,497.464,-79.287,

[2025-02-10 13:56:41] ,2,73.203,479.593,29.745,23.508,491.984,-168.69,

[2025-02-10 13:56:54] ,3,-12.26,473.564,33.166,55.109,497.652,-70.962,

[2025-02-10 13:57:10] ,2,36.262,484.492,-140.389,6.371,490.732,-28.61,

[2025-02-10 13:57:20] ,3,10.518,413.785,72.051,64.898,485.789,3.053,

[2025-02-10 13:57:34] ,3,18.479,479.264,-63.265,83.617,505.43,7.028,

[2025-02-10 13:57:54] ,1,30.706,428.383,50.782,41.597,497.881,-32.005,

[2025-02-10 13:58:03] ,2,13.802,483.138,80.87,27.835,504.37,-125.538,

[2025-02-10 13:58:16] ,2,6.921,506.852,-65.934,57.728,516.93,82.235,

[2025-02-10 13:58:28] ,3,59.551,438.207,89.618,30.592,472.146,-71.086,

[2025-02-10 13:58:42] ,1,28.561,445.085,73.985,-11.725,462.632,-31.31,

[2025-02-10 13:58:52] ,1,5.251,490.666,4.594,72.514,509.98,40.601,

[2025-02-10 13:59:05] ,2,28.78,433.984,-160.278,40.339,456.748,-42.852,

[2025-02-10 13:59:17] ,3,56.592,445.345,54.728,56.102,470.416,31.682,

[2025-02-10 13:59:30] ,1,-7.205,451.765,-48.24,44.438,473.662,-79.875,

[2025-02-10 13:59:42] ,1,77.474,462.806,74.476,51.98,515.843,6.226,

[2025-02-10 13:59:53] ,2,77.229,398.549,123.69,69.057,484.137,-95.148,

[2025-02-10 14:00:05] ,3,4.53,498.935,87.346,68.746,506.484,-77.264,

[2025-02-10 14:00:19] ,2,42.15,434.152,-93.066,54.485,455.009,-6.062,

[2025-02-10 14:00:38] ,1,19.619,400.437,11.915,2.483,424.296,8.707,

[2025-02-10 14:00:47] ,1,23.705,435.764,13.912,54.966,438.062,76.209,

[2025-02-10 14:00:59] ,1,-6.438,460.581,-59.123,-3.882,510.499,-80.287,

[2025-02-10 14:01:12] ,3,80.453,470.893,22.797,3.033,478.143,-31.805,

[2025-02-10 14:01:26] ,1,67.535,491.061,28.856,28.846,496.268,1.521,

[2025-02-10 14:01:36] ,1,11.758,502.391,-76.088,27.214,515.477,-66.4,

[2025-02-10 14:01:50] ,1,39.503,419.209,54.758,61.147,501.477,57.45,

[2025-02-10 14:02:01] ,4,74.521,452.175,51.499,84.869,473.991,-54.462,

[2025-02-10 14:02:15] ,1,7.096,471.289,-21.146,-4.108,489.15,-8.707,

[2025-02-10 14:02:26] ,3,-2.504,496.4,-76.977,64.767,505.166,12.362,

[2025-02-10 14:02:46] ,2,42.033,491.523,132.479,18.169,505.43,-5.609,

[2025-02-10 14:02:56] ,3,55.276,484.075,-6.843,32.997,515.48,76.891,

[2025-02-10 14:03:09] ,1,-5.664,440.935,-69.974,-2.329,463.314,-24.986,

[2025-02-10 14:03:22] ,1,79.24,465.241,83.379,40.498,493.607,55.465,

[2025-02-10 14:03:36] ,1,73.335,403.337,-29.615,7.638,474.643,68.385,

[2025-02-10 14:03:47] ,1,67.058,485.479,70.589,-3.251,508.132,-19.895,

[2025-02-10 14:04:01] ,1,77.478,497.732,46.824,13.423,517.359,-0.516,

[2025-02-10 14:04:12] ,1,-2.545,417.892,-85.365,5.844,501.211,14.534,

[2025-02-10 14:04:33] ,1,20.815,474.993,78.983,41.387,503.129,64.12,

[2025-02-10 14:04:45] ,2,-11.794,490.888,-97.189,35.684,492.569,-118.61,

[2025-02-10 14:04:57] ,1,30.01,496.969,86.424,12.273,500.775,-52.927,

[2025-02-10 14:05:09] ,1,-3.478,440.371,41.091,26.416,505.892,75.593,

[2025-02-10 14:05:30] ,2,6.838,442.635,112.932,33.83,462.077,83.437,

[2025-02-10 14:05:40] ,2,16.286,463.743,-69.8,61.685,494.799,124.824,

[2025-02-10 14:05:53] ,2,66.151,465.95,158.671,-4.579,488.724,-93.039,

[2025-02-10 14:06:05] ,1,15.598,446.309,26.338,21.898,460.073,30.619,

[2025-02-10 14:06:15] ,1,14.02,482.784,62.987,22.086,498.028,-31.139,

[2025-02-10 14:06:30] ,3,57.395,492.746,44.185,40.888,503.632,37.942,

[2025-02-10 14:06:43] ,1,1.555,484.574,-81.87,52.508,511.23,7.125,

[2025-02-10 14:06:56] ,4,29.044,508.132,87.936,13.489,517.491,87.936,

[2025-02-10 14:07:17] ,4,77.092,450.527,72.86,17.971,506.673,-22.249,

