[2025-02-26 09:57:05] ,2,-4.399,409.839,70.105,76.603,444.705,-128.897,

[2025-02-26 09:57:14] ,2,71.33,403.314,127.284,48.262,468.432,-107.956,

[2025-02-26 09:57:27] ,2,-2.62,473.309,160.448,49.646,479.307,-114.986,

[2025-02-26 09:57:41] ,2,28.951,490.182,-158.671,13.396,503.364,-76.088,

[2025-02-26 09:57:54] ,3,68.496,461.643,-14.685,10.601,465.025,82.781,

[2025-02-26 10:01:04] ,2,41.869,459.864,159.034,-11.715,464.346,132.51,

[2025-02-26 10:02:58] ,2,42.396,461.446,159.034,-11.188,465.927,132.51,

[2025-02-26 10:04:28] ,2,42.396,461.446,159.034,-11.188,465.927,132.51,

[2025-02-26 10:04:30] ,2,42.396,461.512,158.854,-11.188,465.927,132.51,

[2025-02-26 10:05:21] ,1,38.442,416.166,35.242,0.61,465.598,-77.8,

[2025-02-26 10:05:34] ,1,38.442,416.166,35.242,0.61,465.598,-77.8,

[2025-02-26 10:05:36] ,1,38.442,416.166,35.242,0.61,465.598,-77.8,

[2025-02-26 10:05:57] ,1,38.442,416.166,35.242,0.61,465.598,-77.8,

[2025-02-26 10:07:34] ,1,13.462,417.089,67.068,38.178,428.821,-80.789,

[2025-02-26 10:08:05] ,1,45.494,420.318,24.066,-0.313,454.525,-78.789,

[2025-02-26 10:08:28] ,2,21.701,433.566,56.87,41.473,443.189,38.897,

[2025-02-26 10:08:45] ,3,17.579,427.502,-59.361,59.005,445.562,-13.023,

[2025-02-26 10:09:27] ,1,46.483,425.525,36.064,-9.013,455.382,-32.705,

[2025-02-26 10:09:33] ,1,46.483,425.525,36.064,-9.013,455.448,-32.433,

[2025-02-26 10:09:41] ,2,34.223,431.127,-41.424,13.923,442.925,71.405,

[2025-02-26 10:09:55] ,3,21.698,418.868,-74.578,4.103,433.698,-7.595,

[2025-02-26 10:15:17] ,2,60.455,450.768,-128.581,66.123,479.637,-57.295,

[2025-02-26 10:15:23] ,2,60.455,450.768,-128.581,66.123,479.571,-57.724,

[2025-02-26 10:15:31] ,3,60.653,436.664,5.711,79.269,442.266,-58.97,

[2025-02-26 10:15:46] ,1,-12.901,438.312,46.432,47.801,490.05,67.73,

[2025-02-26 10:15:58] ,2,-12.572,418.407,147.885,27.171,419.462,-85.914,

[2025-02-26 10:16:12] ,2,75.153,427.239,-169.695,35.08,462.896,-116.565,

[2025-02-26 10:16:25] ,3,20.346,402.984,-58.97,22.623,441.08,-25.723,

[2025-02-26 10:16:38] ,3,61.402,456.342,32.849,-8.054,467.707,-83.534,

[2025-02-26 10:16:53] ,1,25.26,412.673,13.912,17.087,509.032,-88.479,

[2025-02-26 10:17:04] ,1,33.367,511.207,19.722,65.201,515.557,-25.174,

[2025-02-26 10:17:18] ,2,7.53,420.121,-27.474,2.389,472.057,122.005,

[2025-02-26 10:17:32] ,2,80.096,429.875,112.184,55.842,495.85,-93.545,

[2025-02-26 10:17:45] ,3,-6.113,484.316,4.544,30.975,485.502,-63.435,

[2025-02-26 10:17:56] ,3,73.901,490.05,-24.001,7.626,499.146,-30.833,

[2025-02-26 10:18:09] ,2,15.439,428.162,52.927,-4.004,479.175,73.639,

[2025-02-26 10:18:21] ,2,13.33,430.6,-113.398,49.58,482.866,151.631,

[2025-02-26 10:18:31] ,1,35.212,450.966,37.875,-10.529,496.905,30.877,

[2025-02-26 10:18:45] ,2,27.567,482.537,52.524,55.117,504.352,63.435,

[2025-02-26 10:19:04] ,1,5.553,399.689,-63.435,83.853,414.387,-63.895,

[2025-02-26 10:19:12] ,1,15.176,419.528,-59.816,72.582,427.898,-12.804,

[2025-02-26 10:19:23] ,1,20.251,437.652,9.628,40.814,458.018,81.444,

[2025-02-26 10:19:34] ,1,73.901,467.905,81.293,77.789,484.58,-86.934,

[2025-02-26 10:19:45] ,1,44.967,407.928,-35.952,60.851,515.161,-1.534,

[2025-02-26 10:19:56] ,2,25.589,410.828,67.537,66.519,416.166,77.583,

[2025-02-26 10:20:07] ,2,35.542,425.262,-11.81,0.544,436.268,152.758,

[2025-02-26 10:20:17] ,2,83.589,453.668,-19.895,55.38,468.63,158.385,

[2025-02-26 10:20:28] ,2,79.305,500.991,40.657,4.235,518.193,146.592,

[2025-02-26 10:20:40] ,2,41.605,461.577,-20.026,12.144,464.675,-160.615,

[2025-02-26 10:20:49] ,2,15.439,479.439,-90,64.608,483.525,-145.751,

[2025-02-26 10:20:59] ,2,45.889,486.952,55.751,60.653,507.384,-41.379,

[2025-02-26 10:21:09] ,3,55.71,410.828,-17.468,36.398,432.512,24.193,

[2025-02-26 10:21:20] ,1,40.485,419.198,-24.274,15.571,427.041,-33.13,

[2025-02-26 10:21:32] ,1,-4.531,437.455,78.294,50.898,441.212,-35.655,

[2025-02-26 10:21:41] ,1,32.708,443.255,33.13,16.56,444.771,-24.319,

[2025-02-26 10:21:51] ,2,22.36,412.409,-120.44,-11.254,482.866,112.736,

[2025-02-26 10:22:03] ,2,81.217,404.039,-82.614,65.662,507.516,13.536,

[2025-02-26 10:22:13] ,2,76.273,507.714,-160.589,22.953,517.007,4.086,

[2025-02-26 10:22:23] ,3,11.683,424.405,22.999,-0.972,450.505,-25.382,

[2025-02-26 10:22:36] ,3,64.652,469.223,-62.928,0.366,471.999,73.951,

[2025-02-26 10:22:46] ,3,22.689,481.284,-18.435,77.262,493.214,3.434,

[2025-02-26 10:22:59] ,1,53.667,406.412,4.086,4.037,421.571,-20.2,

[2025-02-26 10:23:08] ,1,-7.299,442.398,-10.62,79.173,452.416,6.621,

[2025-02-26 10:23:19] ,1,6.805,469.091,6.563,19.526,503.43,-40.711,

[2025-02-26 10:23:30] ,2,25.326,470.607,62.987,32.642,490.05,60.945,

[2025-02-26 10:23:42] ,1,20.712,435.477,12.2,-10.463,450.373,-71.887,

[2025-02-26 10:23:51] ,1,65.794,477.462,-88.977,44.308,489.721,53.531,

[2025-02-26 10:24:02] ,3,39.694,430.798,-29.275,42.53,467.774,56.31,

[2025-02-26 10:24:15] ,1,-6.113,457.821,32.433,28.819,495.257,-25.659,

[2025-02-26 10:24:24] ,2,-11.781,421.571,-54.048,49.976,455.909,-43.919,

[2025-02-26 10:24:36] ,2,-5.651,486.689,32.005,-8.222,507.582,162.86,

[2025-02-26 10:24:47] ,3,22.198,472.321,-88.116,55.761,484.316,-64.113,

[2025-02-26 10:25:00] ,1,71.923,453.207,12.804,75.812,474.034,-5.102,

[2025-02-26 10:25:10] ,2,33.498,472.782,-180,41.21,493.609,45,

[2025-02-26 10:25:20] ,3,8.189,434.159,6.466,16.881,514.568,-74.002,

[2025-02-26 10:25:33] ,1,71.726,437.982,27.711,38.771,503.759,69.8,

[2025-02-26 10:25:47] ,1,-11.517,471.727,-62.312,36.662,517.732,-5.148,

[2025-02-26 10:26:05] ,1,83.985,427.107,-86.934,33.63,468.234,-81.027,

[2025-02-26 10:26:14] ,1,37.98,487.677,87.489,-12.176,512.986,-76.088,

[2025-02-26 10:26:25] ,2,18.076,426.382,-28.61,58.412,448.33,159.326,

[2025-02-26 10:26:36] ,2,42.528,456.898,-48.2,68.298,487.612,-97.125,

[2025-02-26 10:26:47] ,3,-2.204,437.059,-82.355,22.887,445.759,17.959,

[2025-02-26 10:26:58] ,3,67.454,462.039,-68.552,80.563,478.931,45.541,

[2025-02-26 10:27:10] ,1,48.526,417.089,-84.898,-6.179,428.689,22.932,

[2025-02-26 10:27:19] ,1,81.348,429.941,-68.484,9.178,435.807,-77.8,

[2025-02-26 10:27:30] ,1,63.092,435.675,16.015,3.576,462.632,85.486,

[2025-02-26 10:27:41] ,2,34.289,403.116,-70.278,79.701,415.837,14.162,

[2025-02-26 10:27:52] ,2,53.139,436.137,28.61,45.362,487.018,-12.2,

[2025-02-26 10:28:02] ,2,65.662,405.489,-132.769,7.926,499.409,-12.2,

[2025-02-26 10:28:13] ,3,24.601,419.132,-16.518,51.426,455.118,18.076,

[2025-02-26 10:28:23] ,3,20.578,513.077,54.728,4.55,518.395,65.145,

[2025-02-26 10:28:34] ,4,6.312,413.222,-62.526,-11.302,472.025,21.069,

[2025-02-26 10:28:45] ,2,9.244,411.553,86.934,8.453,421.373,70.758,

[2025-02-26 10:28:54] ,1,81.48,440.223,39.611,42.067,446.418,-15.388,

[2025-02-26 10:29:03] ,1,52.678,470.871,47.459,35.344,476.671,54.926,

[2025-02-26 10:29:13] ,1,75.614,478.648,18.273,69.419,495.521,-90,

[2025-02-26 10:29:24] ,2,5.223,402.128,97.696,58.214,429.282,175.365,

[2025-02-26 10:29:35] ,2,-11.451,399.228,-72.708,46.812,429.546,-6.062,

[2025-02-26 10:33:03] ,1,79.437,428.03,70.105,31.06,446.55,-49.236,

[2025-02-26 10:33:08] ,1,79.437,428.03,70.105,31.06,446.616,-49.616,

[2025-02-26 11:32:56] ,1,79.832,428.887,70.589,31.455,447.341,-49.236,

[2025-02-26 11:33:01] ,1,79.832,428.887,70.589,31.455,447.341,-49.236,

[2025-02-26 11:33:09] ,1,-5.915,451.625,57.144,7.86,452.482,-8.556,

[2025-02-26 11:33:20] ,1,28.819,481.746,88.479,15.769,489.655,-54.23,

[2025-02-26 11:33:31] ,2,4.235,410.3,-82.235,-4.795,416.166,-49.733,

[2025-02-26 11:33:42] ,2,26.908,428.689,-98.13,7.333,436.202,77.8,

[2025-02-26 11:33:53] ,2,51.821,462.237,-163.639,66.914,475.682,94.554,

[2025-02-26 11:34:04] ,2,-3.081,476.407,18.911,54.326,488.271,116.114,

[2025-02-26 11:34:15] ,3,30.533,413.2,15.054,76.07,452.686,83.871,

[2025-02-26 11:34:26] ,3,22.717,461.314,-44.469,31.323,501.65,24.696,

[2025-02-26 11:34:38] ,1,47.933,494.005,-86.455,2.455,494.071,-67.264,

[2025-02-26 11:34:47] ,1,46.087,507.648,43.199,-9.474,509.955,33.69,

[2025-02-26 11:37:01] ,1,46.087,507.78,43.199,-9.54,510.152,32.981,

[2025-02-26 11:37:30] ,1,46.087,507.78,43.199,-9.54,510.152,32.981,

[2025-02-26 11:37:57] ,1,45.296,442.134,-8.631,15.308,444.441,4.05,

[2025-02-26 11:38:44] ,1,45.296,442.134,-8.631,15.308,444.375,4.014,

[2025-02-26 11:39:09] ,1,30.335,457.952,1.005,67.507,460.325,13.299,

[2025-02-26 11:39:27] ,2,14.583,432.512,20.2,61.839,436.664,-3.094,

[2025-02-26 11:39:55] ,2,14.517,432.512,19.722,61.839,436.598,-3.066,

[2025-02-26 11:40:08] ,2,14.583,432.512,20.2,61.839,436.598,-3.066,

[2025-02-26 11:41:19] ,1,5.487,472.057,36.064,64.278,509.23,38.1,

[2025-02-26 11:41:24] ,1,5.487,472.057,36.064,19.592,501.123,75.101,

[2025-02-26 11:42:03] ,1,5.487,472.057,36.064,19.658,501.123,75.231,

[2025-02-26 11:42:18] ,2,-9.936,485.041,-129.359,74.692,516.546,-168.085,

[2025-02-26 11:43:22] ,2,52.942,433.698,16.991,-6.245,446.418,116.792,

[2025-02-26 11:43:32] ,2,52.942,433.698,16.991,-6.245,446.352,116.338,

[2025-02-26 11:43:54] ,2,18.603,447.605,-4.05,46.351,449.714,-26.792,

[2025-02-26 13:23:05] ,2,18.142,446.55,-4.554,45.955,448.593,-26.565,

[2025-02-26 13:24:03] ,1,53.403,440.948,52.125,53.139,474.891,6.062,

[2025-02-26 13:24:26] ,2,21.635,431.787,2.027,51.03,434.159,0,

[2025-02-26 13:24:45] ,3,45.098,425.262,26.906,9.969,427.898,16.154,

[2025-02-26 13:25:01] ,3,18.142,455.712,16.88,52.678,456.437,1.138,

[2025-02-26 13:25:21] ,1,49.448,438.509,-9.211,20.58,444.639,-4.014,

[2025-02-26 13:27:05] ,1,49.514,438.009,-8.707,20.514,444.073,-4.554,

[2025-02-26 13:27:21] ,1,56.633,470.898,-10.62,14.978,472.48,-16.699,

[2025-02-26 13:27:45] ,2,12.21,436.427,3.545,51.821,443.15,5.057,

[2025-02-26 13:28:48] ,1,72.121,431.55,-24.066,34.487,434.846,-45.716,

[2025-02-26 13:28:53] ,1,72.121,431.55,-24.066,34.421,434.846,-46.067,

[2025-02-26 13:29:47] ,1,46.153,450.73,27.897,84.38,464.241,51.103,

[2025-02-26 13:29:52] ,1,46.153,450.73,27.897,84.38,464.241,51.103,

[2025-02-26 13:30:01] ,1,47.933,481.18,-71.723,14.319,483.552,-34.663,

[2025-02-26 13:30:15] ,2,43.648,411.448,-2.045,76.801,450.071,-104.407,

[2025-02-26 13:30:29] ,3,4.037,425.684,-1.517,61.234,465.091,36.946,

[2025-02-26 13:30:44] ,1,19.987,407.296,-59.56,14.055,417.643,-59.123,

[2025-02-26 13:30:55] ,1,51.162,427.464,-66.602,40.814,436.296,83.437,

[2025-02-26 13:31:09] ,1,59.73,447.105,-24.986,71.726,450.334,2.045,

[2025-02-26 13:31:20] ,1,12.935,452.707,-62.987,78.646,471.096,-14.899,

[2025-02-26 13:31:31] ,1,19.921,489.484,-80.87,-4.729,504.643,-55.751,

[2025-02-26 13:31:43] ,2,37.123,414.414,-98.707,82.864,444.6,3.608,

[2025-02-26 13:31:53] ,2,13.528,473.337,49.236,30.862,481.773,131.091,

[2025-02-26 13:32:04] ,2,-0.972,482.432,123.551,-2.356,493.571,-71.565,

[2025-02-26 13:32:17] ,1,29.148,419.489,-62.526,63.026,482.168,84.391,

[2025-02-26 13:32:26] ,2,81.678,419.357,37.284,-8.222,420.346,9.713,

[2025-02-26 13:32:36] ,2,84.117,457.914,34.535,14.912,470.371,-48.532,

[2025-02-26 13:32:47] ,2,3.642,475.973,163.156,-10.331,479.4,-145.049,

[2025-02-26 13:32:58] ,2,65.662,498.118,76.209,7.794,499.766,-17.475,

[2025-02-26 13:33:08] ,3,32.358,453.366,-63.099,48.691,491.725,69.887,

[2025-02-26 13:33:20] ,1,86.621,436.625,-68.009,76.537,482.366,2.556,

[2025-02-26 13:33:28] ,2,-9.276,414.414,47.899,68.035,419.818,-67.537,

[2025-02-26 13:33:39] ,3,73.299,500.293,-80.036,-7.488,507.346,-75.685,

[2025-02-26 13:33:51] ,2,-6.508,437.416,172.372,19.196,475.182,37.171,

[2025-02-26 13:33:59] ,2,68.957,477.027,-150.505,81.612,487.771,-56.023,

[2025-02-26 13:34:09] ,2,33.96,489.814,-168.294,22.821,511.102,-180,

[2025-02-26 13:34:19] ,3,49.317,506.489,-1.528,9.088,508.224,63.947,

[2025-02-26 13:34:31] ,2,8.848,489.748,132.138,19.394,501.084,6.116,

[2025-02-26 13:34:43] ,2,78.91,477.423,-139.343,35.41,492.45,-114.528,

[2025-02-26 13:35:00] ,1,45.626,423.575,-83.884,0.544,495.68,-36.469,

[2025-02-26 13:35:08] ,1,20.251,496.009,-52.829,55.973,509.125,-5.609,

[2025-02-26 13:35:19] ,2,28.819,401.693,-11.81,51.623,402.748,57.171,

[2025-02-26 13:35:29] ,2,5.619,405.648,138.24,19.592,408.943,-30.7,

[2025-02-26 13:35:39] ,2,14.121,450.4,143.231,34.948,450.796,116.565,

[2025-02-26 13:35:49] ,2,66.057,505.896,-3.094,42.792,513.146,69.624,

[2025-02-26 13:36:01] ,1,1.664,401.562,-56.31,15.439,434.582,-22.736,

[2025-02-26 13:36:11] ,1,80.294,444.337,-10.214,67.112,449.346,75.231,

[2025-02-26 13:36:21] ,1,48.394,465.427,-61.189,4.96,468.789,2.511,

[2025-02-26 13:36:32] ,2,65.596,411.118,-141.582,75.219,429.375,-5.609,

[2025-02-26 13:36:42] ,3,-6.179,425.684,20.113,79.569,516.836,11.31,

[2025-02-26 13:36:54] ,1,2.323,429.441,68.671,10.76,462.066,64.106,

[2025-02-26 13:37:03] ,1,52.546,466.021,68.199,-10.001,468.196,-33.13,

[2025-02-26 13:37:14] ,1,67.376,505.5,-82.235,61.114,515.98,-60.895,

[2025-02-26 13:37:24] ,2,-3.345,404.593,104.664,80.623,440.58,90,

[2025-02-26 13:37:34] ,2,69.88,480.784,-145.176,-0.972,492.45,24.528,

[2025-02-26 13:37:45] ,2,15.373,508.4,9.713,-4.136,513.673,-144.462,

[2025-02-26 13:37:55] ,4,82.271,425.421,-16.798,82.139,495.811,33.977,

[2025-02-26 13:38:08] ,2,18.142,435.373,-149.56,23.942,476.237,146.449,

[2025-02-26 13:38:17] ,1,-9.672,417.182,13.912,30.73,505.105,49.674,

[2025-02-26 13:38:28] ,2,-5.256,453.498,88.977,68.232,504.38,94.122,

[2025-02-26 13:38:47] ,2,56.896,411.316,141.103,12.935,411.448,90,

[2025-02-26 13:38:55] ,1,54.985,427.464,-50.323,44.637,435.505,-89.493,

[2025-02-26 13:39:05] ,1,-7.695,437.877,11.706,57.819,457.848,-10.62,

[2025-02-26 13:39:16] ,1,82.601,470.239,1.534,86.094,510.509,51.259,

[2025-02-26 13:39:26] ,3,-10.823,418.237,-42.044,72.846,419.884,-22.946,

[2025-02-26 13:39:39] ,1,76.669,425.816,78.589,42.33,429.837,-43.221,

[2025-02-26 13:39:48] ,1,58.28,437.614,65.26,80.36,470.898,87.973,

[2025-02-26 13:39:58] ,2,30.335,420.807,90,43.517,447.764,65.681,

[2025-02-26 13:40:10] ,1,58.412,425.684,-72.525,7.267,477.555,48.16,

[2025-02-26 13:40:19] ,1,49.053,504.446,62.076,32.905,517.561,43.199,

[2025-02-26 13:40:30] ,2,57.951,438.405,123.551,-5.981,451.916,8.631,

[2025-02-26 13:40:40] ,3,28.951,414.678,-4.986,4.44,435.571,-67.847,

[2025-02-26 13:40:52] ,1,35.476,425.487,-27.711,11.946,435.966,84.943,

[2025-02-26 13:41:00] ,1,-5.124,444.205,21.801,75.548,457.255,33.13,

[2025-02-26 13:41:11] ,1,38.837,471.227,23.199,20.119,480.257,13.554,

[2025-02-26 13:41:21] ,1,29.346,489.55,50.641,43.648,494.757,-55.751,

[2025-02-26 13:41:32] ,1,14.187,506.95,-67.73,0.742,517.232,76.088,

[2025-02-26 13:41:43] ,2,61.971,439.921,-90,84.512,445.852,-87.955,

[2025-02-26 13:41:53] ,3,8.991,405.802,77.638,18.867,448.027,-26.227,

[2025-02-26 13:42:03] ,3,-4.399,458.177,1.897,56.369,483.882,-16.518,

[2025-02-26 13:42:15] ,1,-7.233,424.827,28.61,32.51,485.266,-66.342,

[2025-02-26 13:42:24] ,1,-1.104,503.523,75.101,13.396,509.586,53.637,

[2025-02-26 13:42:35] ,2,40.485,453.893,104.281,17.812,462.264,-47.49,

[2025-02-26 13:42:45] ,2,69.023,480.85,-45,33.103,501.018,14.407,

[2025-02-26 13:42:55] ,3,-9.57,464.892,75.044,69.819,496.025,34.961,

[2025-02-26 13:43:07] ,1,60.06,416.523,-48.576,-6.64,457.518,45.716,

[2025-02-26 13:43:15] ,3,23.93,493.828,36.946,8.271,512.421,-32.849,

[2025-02-26 13:43:28] ,2,55.446,480.257,-65.014,72.517,493.373,-176.906,

[2025-02-26 13:43:37] ,2,27.039,510.443,2.045,56.435,518.616,-86.878,

[2025-02-26 13:43:47] ,3,5.223,464.175,2.275,75.283,468.97,66.501,

[2025-02-26 13:43:59] ,1,46.021,408.943,59.744,44.571,478.412,51.34,

[2025-02-26 13:44:18] ,1,33.235,424.366,-20.674,51.36,466.614,13.671,

[2025-02-26 13:44:26] ,1,1.269,401.891,-56.739,7.398,468.921,20.674,

[2025-02-26 13:44:37] ,2,18.208,456.991,114.319,11.023,499.568,-74.124,

[2025-02-26 13:44:49] ,3,-0.207,421.268,-61.905,49.998,429.653,68.908,

[2025-02-26 13:44:59] ,3,26.908,469.25,-24.228,80.887,475.512,3.84,

[2025-02-26 13:45:09] ,3,18.304,485.155,40.192,82.601,515.255,-15.255,

[2025-02-26 13:45:22] ,1,25.194,429.177,30.877,53.733,433.593,80.789,

[2025-02-26 13:45:30] ,2,21.305,473.93,-110.497,37.123,487.639,62.758,

[2025-02-26 13:45:41] ,2,72.846,501.018,-77.082,35.146,501.084,-77.8,

[2025-02-26 13:45:51] ,2,10.892,505.368,98.707,68.694,514.134,15.524,

[2025-02-26 13:46:01] ,3,5.289,423.114,-17.354,83.256,481.773,-85.396,

[2025-02-26 13:46:13] ,3,10.76,489.682,1.138,54.787,506.489,-11.535,

[2025-02-26 13:46:23] ,4,83.784,513.233,51.667,35.696,519.179,46.397,

[2025-02-26 13:46:36] ,2,1.994,448.884,-135,25.26,464.175,62.758,

[2025-02-26 13:46:43] ,3,25.006,414.517,44.193,-12.312,484.277,-80.475,

[2025-02-26 13:46:56] ,1,49.119,484.146,-72.198,41.671,498.646,-69.8,

[2025-02-26 13:47:04] ,1,28.358,515.716,-17.784,-3.213,517.693,36.666,

[2025-02-26 13:47:15] ,2,57.292,476.105,-74.124,-0.313,479.993,-158.854,

[2025-02-26 13:47:26] ,2,52.019,512.552,90,10.101,519.539,-144.162,

[2025-02-26 13:47:38] ,2,-1.367,476.434,-125.362,-6.706,493.768,21.801,

[2025-02-26 13:47:48] ,2,-2.092,444.666,-5.102,7.596,476.039,145.337,

[2025-02-26 13:48:06] ,1,85.039,416.523,-28.195,33.433,422.982,87.466,

[2025-02-26 13:48:14] ,1,57.687,438.141,84.44,23.283,458.705,-80.455,

[2025-02-26 13:48:25] ,2,-9.013,399.387,158.295,-4.926,459.364,84.44,

[2025-02-26 13:48:36] ,2,78.317,464.9,138.958,62.103,494.23,-73.496,

[2025-02-26 13:48:46] ,2,8.321,508.466,-166.701,63.948,509.586,62.978,

[2025-02-26 13:48:56] ,3,53.307,421.268,-88.103,40.88,485.925,-27.582,

[2025-02-26 13:49:08] ,1,14.978,416.721,-50.389,2.126,436.559,-2.027,

[2025-02-26 13:49:17] ,1,70.012,452.114,56.17,73.901,490.275,60.001,

[2025-02-26 13:49:27] ,1,83.787,500.03,-12.022,-5.981,509.323,-76.088,

[2025-02-26 13:49:38] ,2,68.892,438.8,-29.055,21.569,455.607,76.817,

[2025-02-26 13:49:48] ,2,84.314,455.871,65.934,54.721,470.502,125.655,

[2025-02-26 13:49:58] ,2,60.587,484.277,-105.876,-4.663,493.241,-175.446,

[2025-02-26 13:50:08] ,3,39.689,404.995,83.871,5.019,481.303,65.961,

[2025-02-26 13:50:20] ,1,35.146,418.698,-79.786,19.987,426.871,-46.779,

[2025-02-26 13:50:29] ,1,6.476,441.305,84.489,86.292,491.461,21.516,

[2025-02-26 13:50:39] ,1,61.642,504.314,53.637,10.562,516.507,4.086,

[2025-02-26 13:50:50] ,2,20.712,454.355,-172.937,73.373,511.498,152.507,

[2025-02-26 13:51:00] ,3,1.765,457.678,39.661,40.778,489.371,40.437,

[2025-02-26 13:51:12] ,1,43.187,490.077,56.449,33.169,505.302,36.064,

[2025-02-26 13:51:21] ,3,4.912,444.93,-52.224,24.996,481.707,0,

[2025-02-26 13:51:33] ,1,58.939,493.571,31.139,72.121,508.071,-16.798,

[2025-02-26 13:51:42] ,2,18.405,416.721,-84.852,3.444,444.073,77.196,

[2025-02-26 13:51:52] ,3,9.969,476.632,7.172,14.517,497.327,23.847,

[2025-02-26 13:52:05] ,1,-5.981,436.098,-76.817,61.576,506.489,-86.934,

[2025-02-26 13:52:13] ,2,45.494,445.193,157.068,32.51,516.705,-85.365,

[2025-02-26 13:52:33] ,1,40.419,402.484,81.798,47.208,442.227,-74.261,

[2025-02-26 13:52:41] ,1,-10.199,445.984,8.631,2.719,449.873,-45,

[2025-02-26 13:52:51] ,2,41.276,415.139,6.116,30.071,417.116,19.722,

[2025-02-26 13:53:01] ,2,30.335,433.923,177.973,63.355,435.834,-101.211,

[2025-02-26 13:53:11] ,2,51.36,456.002,-73.639,-9.87,502.996,30.877,

[2025-02-26 13:53:21] ,3,-6.585,399.321,-79.902,49.319,479.4,-85.833,

[2025-02-26 13:53:33] ,1,29.544,427.991,-33.13,39.364,441.437,-72.198,

[2025-02-26 13:53:44] ,1,-7.892,443.084,66.14,36.794,454.487,-7.063,

[2025-02-26 13:53:54] ,2,14.517,475.116,4.014,77.855,499.568,-149.56,

[2025-02-26 13:54:06] ,3,50.108,416.193,-13.109,63.817,458.639,17.716,

[2025-02-26 13:54:18] ,4,85.039,421.598,-19.093,81.74,516.906,-22.58,

[2025-02-26 13:54:29] ,1,44.044,470.437,71.089,48.592,505.105,-23.6,

[2025-02-26 13:54:36] ,2,75.351,465.955,52.214,2.653,512.025,-58.861,

[2025-02-26 13:54:47] ,2,5.223,439.987,-33.551,68.298,442.293,-73.496,

[2025-02-26 13:54:57] ,3,20.617,436.032,-41.791,-1.895,463.912,15.222,

[2025-02-26 13:55:09] ,1,20.383,425.487,32.705,-2.949,429.968,-78.294,

[2025-02-26 13:55:18] ,1,64.476,411.053,-74.476,79.371,430.562,79.695,

[2025-02-26 13:55:29] ,1,52.942,434.912,5.609,0.873,445.259,-50.001,

[2025-02-26 13:55:40] ,1,55.842,468.262,45.356,34.685,498.184,81.87,

[2025-02-26 13:55:50] ,2,80.689,462.066,-152.526,58.412,495.152,82.875,

[2025-02-26 13:56:01] ,2,12.012,511.234,-92.045,-2.62,514.596,-26.338,

[2025-02-26 13:56:11] ,3,63.355,453.037,12.653,68.298,502.996,-29.316,

[2025-02-26 13:56:24] ,1,32.51,425.684,-30.184,-11.979,439.13,-55.751,

[2025-02-26 13:56:32] ,1,35.871,477.357,-11.113,23.678,494.296,-85.446,

[2025-02-26 14:13:22] ,1,36.003,477.621,-11.113,23.612,494.427,-85.486,

[2025-02-26 14:13:27] ,1,36.003,477.621,-11.113,23.612,494.427,-85.486,

[2025-02-26 14:14:43] ,1,36.069,477.489,-11.605,23.678,494.361,-84.943,

[2025-02-26 14:14:48] ,1,36.069,477.489,-11.605,23.678,494.361,-84.943,

[2025-02-26 14:17:38] ,1,82.667,404.989,45,68.298,426.146,-4.05,

[2025-02-26 14:17:43] ,1,82.667,404.923,44.635,68.298,426.146,-4.05,

[2025-02-26 14:17:54] ,1,58.478,435.966,-23.398,45.955,447.237,-47.827,

[2025-02-26 14:30:03] ,1,26.842,495.614,-25.442,42.594,512.486,-25.419,

[2025-02-26 14:30:08] ,1,26.842,495.68,-25.659,42.528,512.486,-25.88,

[2025-02-26 14:30:54] ,1,41.671,433.527,56.17,38.244,460.221,57.144,

[2025-02-26 14:30:59] ,1,41.671,433.527,56.17,38.178,460.221,57.414,

[2025-02-26 14:31:11] ,1,12.012,494.757,77.692,44.835,502.205,10.214,

[2025-02-26 14:31:54] ,1,12.078,494.757,77.8,44.835,502.205,10.214,

[2025-02-26 14:32:00] ,1,12.078,494.757,77.8,44.835,502.205,10.214,

[2025-02-26 14:32:12] ,2,0.017,465.955,166.817,21.964,477.027,-130.764,

[2025-02-26 14:32:24] ,3,30.335,413.096,16.626,-11.296,467.079,74.211,

[2025-02-26 14:32:37] ,1,4.96,433.264,-67.73,17.68,475.841,51.73,

[2025-02-26 14:32:46] ,2,32.576,421.598,70.278,67.771,426.871,-55.176,

[2025-02-26 14:32:57] ,2,30.203,451.455,122.433,24.008,501.48,-180,

[2025-02-26 14:33:08] ,3,53.15,473.139,-33.69,32.135,484.874,60.725,

[2025-02-26 14:33:21] ,2,31.455,411.382,-135,-0.445,488.364,-97.561,

[2025-02-26 14:33:31] ,2,84.182,423.114,-29.554,24.535,448.752,-11.113,

[2025-02-26 14:33:42] ,1,-2.356,503.457,6.116,42.594,519.802,-79.695,

[2025-02-26 14:33:51] ,3,-12.506,426.739,3.814,65.267,503.721,-16.991,

[2025-02-26 14:34:11] ,1,-1.565,399.584,71.241,31.258,420.478,-24.986,

[2025-02-26 14:34:20] ,1,65.069,446.709,77.307,-1.565,457.518,7.063,

[2025-02-26 14:34:31] ,1,20.646,464.241,76.329,64.476,493.636,10.214,

[2025-02-26 14:34:42] ,3,35.787,400.837,-88.847,69.021,425.338,48.24,

[2025-02-26 14:34:53] ,3,62.828,469.514,-29.792,-12.44,493.373,21.309,

[2025-02-26 14:35:05] ,1,-5.454,418.962,59.123,-11.649,472.018,-88.479,

[2025-02-26 14:35:14] ,1,46.614,479.137,75.358,24.535,491.198,-7.125,

[2025-02-26 14:43:43] ,1,23.48,441.239,48.532,39.826,462.593,83.991,

[2025-02-26 14:43:55] ,1,72.055,417.709,8.707,31.785,449.675,44.293,

[2025-02-26 14:52:04] ,1,31.785,449.675,44.293,24.798,467.537,-43.946,

[2025-02-26 14:52:09] ,1,31.785,449.675,44.293,24.798,467.537,-43.946,

[2025-02-26 14:52:23] ,1,1.598,443.809,46.067,79.767,444.6,-46.801,

[2025-02-26 14:52:39] ,1,53.798,453.959,64.772,37.321,457.65,53.13,

[2025-02-26 15:03:07] ,1,44.505,442.689,-45.356,53.733,453.959,64.558,

[2025-02-26 15:03:12] ,1,44.505,442.689,-45.356,53.733,453.893,64.106,

[2025-02-26 15:03:33] ,4,22.887,417.314,-38.581,73.831,443.404,49.879,

[2025-02-26 15:03:50] ,2,49.053,441.832,43.221,57.16,454.618,-56.449,

[2025-02-26 15:04:03] ,1,76.867,446.709,78.19,53.601,447.962,-22.08,

[2025-02-26 15:04:19] ,1,-1.17,472.084,-76.931,-7.167,486.387,-4.554,

[2025-02-26 15:04:37] ,2,-10.133,419.753,67.068,-4.992,428.321,67.068,

[2025-02-26 15:04:55] ,2,3.312,439.723,-170.789,-11.451,443.809,178.986,

[2025-02-26 15:05:14] ,2,-6.64,461.012,-81.941,56.764,464.834,-131.8,

[2025-02-26 15:05:33] ,1,78.712,428.387,46.801,20.58,456.134,-7.001,

[2025-02-26 15:05:48] ,2,10.43,410.196,85.406,5.289,459.364,-28.131,

[2025-02-26 15:06:05] ,3,55.111,407.245,50.684,67.87,439.22,39.903,

[2025-02-26 15:06:21] ,4,29.412,411.382,57.724,84.437,414.503,1.051,

[2025-02-26 15:06:40] ,1,84.776,429.441,-47.49,3.51,438.734,-60.505,

[2025-02-26 15:06:51] ,1,72.121,402.089,50.856,23.019,466.416,29.683,

[2025-02-26 15:07:08] ,1,80.36,487.112,43.199,2.192,490.143,42.51,

[2025-02-26 15:07:26] ,2,-1.961,399.914,-150.001,70.276,414.875,-90,

[2025-02-26 15:07:43] ,2,72.648,436.032,-164.612,33.894,438.998,-151.631,

[2025-02-26 15:27:35] ,2,29.873,441.832,-102.693,72.385,499.239,-56.592,

[2025-02-26 15:27:40] ,2,29.873,441.832,-102.693,72.385,499.239,-56.592,

[2025-02-26 15:27:48] ,3,51.36,412.041,-66.701,60.389,463.121,-15.322,

[2025-02-26 15:27:59] ,3,1.6,480.814,77.062,24.403,512.289,-3.814,

[2025-02-26 15:28:11] ,1,5.158,417.05,-66.602,50.898,453.893,34.249,

[2025-02-26 15:28:21] ,1,37.914,458.243,-10.62,-1.301,460.814,2.027,

[2025-02-26 15:28:32] ,1,79.107,478.609,-78.19,74.889,491.066,-1.023,

[2025-02-26 15:28:42] ,2,74.164,421.071,-60.895,21.503,424.432,-59.816,

[2025-02-26 15:28:52] ,2,41.803,439.262,3.066,61.971,462.857,1.023,

[2025-02-26 15:29:01] ,2,2.389,494.493,124.249,-12.44,496.141,149.56,

[2025-02-26 15:29:11] ,3,82.996,433.33,-14.685,56.166,484.934,51.992,

[2025-02-26 15:29:22] ,1,12.012,412.898,77.692,-0.181,428.123,73.156,

[2025-02-26 15:29:31] ,1,83.26,468.327,72.86,18.735,483.552,-29.249,

[2025-02-26 15:29:41] ,2,71.989,437.812,4.086,14.648,454.421,57.144,

[2025-02-26 15:29:51] ,3,-1.205,443.48,-43.394,55.593,508.436,81.545,

[2025-02-26 15:30:02] ,1,68.628,447.039,56.87,-1.17,456.727,24.986,

[2025-02-26 15:30:11] ,2,75.482,429.112,76.584,39.233,446.182,-137.148,

[2025-02-26 15:30:20] ,2,10.694,462.857,165.719,34.817,474.852,-98.973,

[2025-02-26 15:30:31] ,1,3.642,482.564,-24.528,62.894,495.811,31.139,

[2025-02-26 15:30:42] ,2,1.137,426.014,-136.45,31.126,489.616,-49.289,

[2025-02-26 15:30:50] ,3,-4.139,469.566,66.306,1.719,517.362,65.493,

[2025-02-26 15:31:03] ,3,-0.773,514.859,-74.946,64.212,517.298,-12.362,

[2025-02-26 15:31:14] ,1,3.642,434.121,-60.505,-6.97,507.609,77.196,

[2025-02-26 15:31:32] ,1,61.708,414.743,-10.305,18.933,422.521,84.943,

[2025-02-26 15:31:41] ,1,21.767,451.982,10.037,46.153,461.012,40.061,

[2025-02-26 15:31:50] ,1,78.382,472.809,30.44,37.255,488.1,-78.294,

[2025-02-26 15:32:00] ,1,23.678,490.143,8.631,-5.586,490.473,-45.716,

[2025-02-26 15:32:09] ,2,2.587,425.289,67.264,6.739,440.975,-137.862,

[2025-02-26 15:32:19] ,2,81.546,444.205,81.293,34.685,475.446,-109.855,

[2025-02-26 15:32:28] ,2,57.094,476.764,29.495,13.528,477.687,23.199,

[2025-02-26 15:32:36] ,3,42.181,432.469,30.446,-7.177,468.991,89.621,

[2025-02-26 15:32:47] ,1,59.598,414.414,60.698,7.398,479.927,-63.435,

[2025-02-26 15:46:11] ,2,69.089,440.777,9.211,54.919,448.95,-50.001,

[2025-02-26 15:46:19] ,1,-10.001,416.391,-83.379,32.51,469.382,-56.449,

[2025-02-26 15:46:31] ,2,-12.176,473.205,-42.852,-1.433,513.871,-50.064,

[2025-02-26 15:46:41] ,3,16.617,434.95,71.806,-6.951,453.696,-50.339,

[2025-02-26 15:46:52] ,1,56.764,486.321,71.405,2.785,490.605,-43.221,

[2025-02-26 15:47:01] ,1,4.564,506.489,87.973,17.614,513.936,37.786,

[2025-02-26 15:47:10] ,2,65.926,398.53,-125.417,-9.738,444.337,158.199,

[2025-02-26 15:47:20] ,2,30.796,448.489,92.027,4.828,470.898,-141.73,

[2025-02-26 15:47:29] ,2,24.864,489.946,175.446,43.385,517.627,-40.267,

[2025-02-26 15:47:38] ,3,-2.276,433.575,43.394,76.877,489.37,73.264,

[2025-02-26 15:47:49] ,2,-0.642,421.928,-156.869,29.28,484.475,-139.939,

[2025-02-26 15:47:59] ,3,20.976,442.03,-15.322,-9.117,489.748,-44.465,

[2025-02-26 15:48:09] ,1,-3.476,439.459,1.521,18.076,474.062,4.014,

[2025-02-26 15:48:18] ,2,79.767,468.327,-95.609,-3.279,509.125,6.116,

[2025-02-26 15:48:36] ,1,83.919,437.877,10.905,61.839,440.382,27.242,

[2025-02-26 15:57:29] ,1,47.339,446.182,-55.337,86.423,452.575,18.911,

[2025-02-26 15:57:37] ,1,85.764,487.112,50.389,64.41,507.609,-22.659,

[2025-02-26 15:57:50] ,2,-9.145,407.559,157.341,10.167,440.58,-21.615,

[2025-02-26 15:58:02] ,3,64.298,439.277,78.17,71.264,465.757,16.88,

[2025-02-26 15:58:15] ,3,21.928,421.532,-43.929,1.397,442.887,-80.475,

[2025-02-26 15:58:27] ,3,32.971,452.971,0,65.657,485.842,53.054,

[2025-02-26 16:41:30] ,1,-6.113,433.462,73.639,-6.904,497.789,-65.014,

[2025-02-26 16:41:36] ,1,-6.113,433.527,73.156,-6.904,497.789,-65.014,

[2025-02-26 16:41:45] ,2,15.703,433.923,173.938,7.201,443.743,-46.779,

[2025-02-26 16:41:58] ,2,78.251,511.63,17.65,10.628,514.925,37.476,

[2025-02-26 16:42:07] ,3,73.571,498.118,-3.434,50.826,511.357,65.999,

[2025-02-26 16:42:18] ,2,23.217,418.962,84.898,-8.749,433.923,124.951,

[2025-02-26 16:42:27] ,2,17.417,448.489,-32.856,6.344,469.052,-164.745,

[2025-02-26 16:42:36] ,2,85.962,490.539,-132.825,-6.574,496.273,132.51,

[2025-02-26 16:42:45] ,3,77.158,475.512,-70.602,12.493,478.28,-49.236,

[2025-02-26 16:42:54] ,3,53.437,494.032,-60.208,38.224,501.343,79.661,

[2025-02-26 16:43:05] ,1,28.489,403.473,-6.17,46.087,443.216,-83.938,

[2025-02-26 16:43:14] ,1,65.398,452.246,40.384,9.376,453.3,-8.059,

[2025-02-26 16:49:01] ,1,65.398,452.246,40.384,9.442,453.3,-8.556,

[2025-02-26 16:49:06] ,1,65.398,452.246,40.384,9.376,453.3,-8.059,

[2025-02-26 16:49:13] ,2,62.63,417.841,-74.97,22.096,437.746,-92.534,

[2025-02-26 16:49:23] ,2,80.294,456.398,-157.068,4.037,471.293,90,

[2025-02-26 16:49:32] ,2,65.662,480.257,3.066,38.31,491.857,-112.736,

[2025-02-26 16:49:41] ,3,73.357,402.418,-84.56,53.073,429.507,13.023,

[2025-02-26 16:49:50] ,3,-6.36,442.789,81.656,22.865,453.288,70.728,

[2025-02-26 16:49:59] ,3,53.073,463.384,26.735,29.466,515.584,-37.708,

[2025-02-26 16:50:10] ,1,22.558,403.012,87.955,11.089,417.973,58.426,

[2025-02-26 16:50:19] ,1,-9.145,444.205,-22.27,39.694,487.771,78.887,

[2025-02-26 16:50:28] ,2,-5.322,427.464,-37.786,9.376,471.755,-112.08,

[2025-02-26 16:50:38] ,3,63.98,411.753,62.58,78.293,449.452,38.541,

[2025-02-26 16:50:47] ,3,28.423,452.246,-11.014,55.807,493.175,-59.361,

[2025-02-26 16:50:58] ,1,53.996,471.887,-35.77,10.76,500.293,68.199,

[2025-02-26 16:51:07] ,2,6.014,461.209,-155.472,58.939,511.102,-111.038,

[2025-02-26 16:51:16] ,3,-9.351,444.067,65.807,8.426,482.959,-61.571,

[2025-02-26 16:51:25] ,3,45.23,490.736,11.086,18.635,512.884,69.756,

[2025-02-26 16:51:36] ,2,4.828,452.18,30.184,63.289,492.648,-65.726,

[2025-02-26 16:51:48] ,1,-6.113,468.591,12.693,-4.992,488.364,21.801,

[2025-02-26 16:51:56] ,3,-3.74,431.814,-6.509,24.093,479.202,-86.987,

[2025-02-26 16:52:15] ,1,20.58,437.877,-78.395,-9.54,453.893,65.014,

[2025-02-26 16:52:24] ,1,-5.388,464.9,53.936,66.189,477.159,-83.379,

[2025-02-26 16:52:33] ,1,-4.465,483.75,-50.323,26.051,492.911,68.199,

[2025-02-26 16:52:43] ,2,38.573,434.318,65.472,18.076,448.159,-61.189,

[2025-02-26 16:52:52] ,3,24.68,468.657,-86.611,0.894,500.952,-54.638,

[2025-02-26 16:53:03] ,1,8.453,438.009,-23.658,39.233,492.252,-42.51,

[2025-02-26 16:53:11] ,2,-4.795,400.112,-42.447,45.692,468.393,-136.067,

[2025-02-26 16:53:21] ,2,54.062,488.891,-51.103,38.771,516.836,3.094,

[2025-02-26 16:53:29] ,3,21.418,454.942,30.579,4.041,480.141,45.799,

[2025-02-26 16:53:40] ,2,-4.926,445.523,-19.075,29.808,455.805,112.08,

[2025-02-26 16:53:48] ,3,31.694,496.692,63.773,10.826,504.775,-2.291,

[2025-02-26 16:54:06] ,1,26.051,423.509,-74.124,-10.726,423.773,-75.101,

[2025-02-26 16:54:15] ,1,86.028,434.912,-48.958,35.673,436.559,67.73,

[2025-02-26 16:54:24] ,1,85.105,451.587,-34.951,24.733,510.048,65.934,

[2025-02-26 16:54:34] ,2,64.212,469.58,-153.886,39.958,473.996,172.937,

[2025-02-26 16:54:43] ,3,8.362,504.577,-40.724,86.699,508.427,59.103,

[2025-02-26 16:54:52] ,4,67.639,401.693,33.111,54.326,413.162,60.255,

[2025-02-26 16:55:05] ,1,28.358,428.321,69.326,19.13,443.15,-78.395,

[2025-02-26 16:55:13] ,1,84.776,443.15,79.192,33.828,487.771,-7.628,

[2025-02-26 16:55:22] ,2,76.801,426.343,165.964,1.071,438.207,45,

[2025-02-26 16:55:31] ,2,83.194,474.918,-65.26,65.332,487.375,107.628,

[2025-02-26 16:55:40] ,3,82.535,464.439,13.109,5.421,505.566,-2.291,

[2025-02-26 16:55:49] ,3,86.485,508.776,53.207,-0.445,518.023,-7.267,

[2025-02-26 16:56:00] ,1,60.653,408.746,-75.964,68.496,463.846,64.558,

[2025-02-26 16:56:09] ,1,-1.104,478.346,-15.876,41.539,487.771,-76.701,

[2025-02-26 16:56:19] ,2,-2.092,434.846,120.184,76.998,439.789,-49.289,

[2025-02-26 16:56:28] ,2,10.496,447.171,-140.323,66.321,454.421,-124.249,

[2025-02-26 16:56:36] ,2,61.246,489.55,-138.576,-9.804,493.768,-155.472,

[2025-02-26 16:56:45] ,3,33.258,402.682,-31.682,-8.551,421.137,-14.956,

[2025-02-26 16:56:54] ,3,37.641,430.888,36.642,77.657,477.489,-13.851,

[2025-02-26 16:57:03] ,3,59.73,509.916,5.332,36.877,516.537,33.584,

[2025-02-26 16:57:12] ,4,4.037,398.859,-74.946,28.358,471.952,62.103,

[2025-02-26 16:57:24] ,1,-10.529,408.614,-50.458,76.998,438.537,-1.032,

[2025-02-26 16:57:32] ,1,61.444,481.443,46.432,43.714,489.418,-85.446,

[2025-02-26 16:57:41] ,2,6.278,458.902,95.057,2.785,508.136,-133.199,

[2025-02-26 16:57:52] ,3,-0.551,437.68,-57.355,-2.691,478.425,50.87,

[2025-02-26 16:58:03] ,1,29.346,413.953,79.786,-0.577,440.58,82.937,

[2025-02-26 16:58:12] ,1,24.337,455.014,24.114,35.805,471.557,46.054,

[2025-02-26 16:58:21] ,1,78.119,475.973,-50.001,14.253,491.857,-53.531,

[2025-02-26 16:58:31] ,1,39.694,499.634,-7.125,25.919,518.748,27.924,

[2025-02-26 16:58:40] ,2,79.635,402.748,11.514,48.855,433.989,114.986,

[2025-02-26 16:58:49] ,3,50.671,459.298,-71.565,-0.456,465.296,-37.546,

[2025-02-26 17:31:19] ,1,29.808,433.857,-79.875,42.33,445.787,60.317,

[2025-02-26 17:31:25] ,1,29.808,433.857,-79.875,42.33,445.787,60.317,

[2025-02-26 17:31:32] ,2,9.639,448.687,-168.789,0.939,502.996,-128.897,

[2025-02-26 17:31:41] ,3,23.772,454.157,-30.964,3.708,471.359,-21.173,

[2025-02-26 17:31:52] ,1,59.862,409.273,-23.131,-1.433,410.328,53.334,

[2025-02-26 17:32:01] ,1,14.912,471.821,-47.121,57.358,501.414,-12.417,

[2025-02-26 17:32:10] ,2,75.087,457.452,-147.019,22.953,458.112,-177.99,

[2025-02-26 17:32:19] ,3,39.233,440.382,18.194,0.623,472.31,67.989,

[2025-02-26 17:32:32] ,2,-7.958,448.687,-153.208,39.167,486.716,171.87,

[2025-02-26 17:32:49] ,1,-4.267,459.298,67.264,68.957,464.439,61.631,

[2025-02-26 17:32:57] ,2,39.364,409.405,55.886,4.169,419.291,26.792,

[2025-02-26 17:33:06] ,2,-5.849,437.416,5.609,8.585,439.657,157.068,

[2025-02-26 17:33:14] ,2,21.371,478.214,-94.514,72.912,484.08,-94.086,

[2025-02-26 17:33:23] ,3,64.562,430.037,60.725,43.183,439.657,-36.193,

[2025-02-26 17:33:33] ,1,-5.256,425.487,-2.027,-4.399,449.016,83.938,

[2025-02-26 17:33:42] ,1,30.005,454.223,37.962,-12.901,475.512,9.13,

[2025-02-26 17:33:51] ,1,56.501,480.652,85.95,25.26,484.871,-33.275,

[2025-02-26 17:34:00] ,1,-11.451,488.957,72.525,85.764,493.373,-3.608,

[2025-02-26 17:34:09] ,2,14.319,427.068,126.363,43.055,428.255,-122.705,

[2025-02-26 17:34:18] ,2,75.021,431.221,-178.977,36.003,440.975,100.125,

[2025-02-26 17:34:27] ,3,17.417,440.58,24.88,83.655,470.964,-12.653,

[2025-02-26 17:34:37] ,1,-10.463,404.528,50.782,28.094,413.887,9.211,

[2025-02-26 17:34:46] ,1,78.58,481.905,-43.919,17.68,499.107,47.862,

[2025-02-26 17:34:55] ,1,23.876,508.071,47.862,38.705,515.452,-18.273,

[2025-02-26 17:35:04] ,2,26.578,430.496,34.951,54.787,467.998,36.064,

[2025-02-26 17:35:13] ,3,39.773,468.814,87.739,4.147,491.593,-78.914,

[2025-02-26 17:35:23] ,1,10.958,437.218,29.495,2.455,461.868,-2.534,

[2025-02-26 17:35:32] ,1,17.219,464.768,-85.525,9.771,487.968,43.221,

[2025-02-26 17:35:41] ,2,1.73,426.475,-176.934,23.283,478.807,-170.372,

[2025-02-26 17:35:52] ,1,-4.465,417.38,28.856,37.783,457.518,43.586,

[2025-02-26 17:36:00] ,3,-0.132,462.527,-38.837,19.397,462.556,77.146,

[2025-02-26 17:36:09] ,3,8.038,500.673,70.962,-3.045,509.964,85.806,

[2025-02-26 17:36:18] ,4,83.761,414.196,74.699,85.876,518.543,-52.079,

[2025-02-26 17:36:37] ,2,67.573,427.332,-13.912,78.053,439.525,-78.69,

[2025-02-26 17:36:44] ,2,-1.697,461.077,143.826,27.171,469.448,-57.68,

[2025-02-26 17:36:52] ,2,41.869,504.05,129.999,82.073,509.652,-149.3,

[2025-02-26 17:37:01] ,3,-7.312,406.704,65.304,28.346,417.355,76.239,

[2025-02-26 17:37:09] ,4,10.496,401.166,-49.674,77.13,456.332,7.866,

[2025-02-26 17:38:53] ,2,80.689,450.202,-69.326,58.412,470.239,-170.87,

[2025-02-26 17:38:58] ,2,80.689,450.202,-69.326,58.412,470.239,-170.87,

[2025-02-26 17:39:07] ,1,70.012,430.034,16.504,-6.706,500.557,-37.875,

[2025-02-26 17:39:15] ,2,24.403,416.391,106.015,55.248,432.868,159.146,

[2025-02-26 17:39:24] ,2,39.035,435.109,-138.2,15.11,509.85,38.581,

[2025-02-26 17:39:34] ,1,47.471,427.991,-77.196,43.451,443.414,43.586,

[2025-02-26 17:39:43] ,1,-5.058,473.468,-69.034,48.592,483.816,14.769,

[2025-02-26 17:39:52] ,1,0.28,498.25,72.044,-7.365,513.541,-86.424,

[2025-02-26 17:40:02] ,2,76.076,427.002,178.977,-6.97,439.855,-102.804,

[2025-02-26 17:40:11] ,2,57.885,469.382,101.605,78.251,488.43,104.407,

[2025-02-26 17:40:19] ,3,36.836,418.434,-40.437,-11.592,424.102,-85.047,

[2025-02-26 17:40:28] ,3,26.512,439.327,-26.227,62.935,451.718,-83.951,

[2025-02-26 17:40:37] ,3,14.517,466.35,-27.567,16.111,511.893,-86.566,

[2025-02-26 17:40:46] ,2,5.883,481.377,-156.801,30.269,517.957,-80.789,

[2025-02-26 17:40:57] ,1,20.053,407.691,86.424,71.528,429.771,38.897,

[2025-02-26 17:41:05] ,1,7.333,422.587,51.419,83.457,462,21.801,

[2025-02-26 17:41:14] ,1,-4.201,473.666,-57.144,78.91,495.614,-14.899,

[2025-02-26 17:41:23] ,2,70.078,412.634,-134.635,47.208,429.177,-73.009,

[2025-02-26 17:41:32] ,2,17.548,452.18,-100.125,7.003,509.455,-101.81,

[2025-02-26 17:41:42] ,1,-9.672,426.871,53.231,-8.551,475.709,-68.854,

[2025-02-26 17:41:50] ,1,62.301,481.114,15.876,19.328,509.257,-90,

[2025-02-26 17:41:59] ,2,76.932,458.046,-98.707,18.998,463.846,53.13,

[2025-02-26 17:42:08] ,3,28.035,409.168,45,64.608,418.764,-26.565,

[2025-02-26 17:42:17] ,3,26.273,431.287,-87.346,77.549,518.49,41.441,

[2025-02-26 17:42:28] ,1,57.951,433.33,-83.938,32.114,446.512,-56.032,

[2025-02-26 17:42:38] ,1,71.923,424.63,4.594,2.389,442.162,30.619,

[2025-02-26 17:42:46] ,1,76.735,467.537,45.36,34.948,476.302,0,

[2025-02-26 17:42:55] ,2,64.542,441.898,-141.103,54.721,469.777,8.059,

[2025-02-26 17:43:04] ,2,71.264,487.046,114.528,-9.54,506.686,166.088,

[2025-02-26 17:43:13] ,3,-0.294,478.412,-52.98,14.583,496.405,-14.128,

[2025-02-26 17:43:23] ,3,39.76,431.221,19.272,73.176,451.257,-23.499,

[2025-02-26 17:43:32] ,3,9.705,483.091,-28.761,1.029,506.686,-70.115,

[2025-02-26 17:43:43] ,1,39.562,435.637,36.769,28.819,509.389,-4.594,

[2025-02-26 17:43:51] ,2,0.017,469.712,126.469,62.96,493.175,144.758,

[2025-02-26 17:44:02] ,1,-11.781,421.334,-51.814,78.58,498.25,70.758,

[2025-02-26 17:44:10] ,3,73.389,406.583,73.632,34.129,486.387,-41.54,

[2025-02-26 17:44:21] ,1,13.133,465.427,66.801,12.012,493.834,-40.711,

[2025-02-26 17:44:39] ,1,35.805,410.262,-74.612,2.917,419.621,5.102,

[2025-02-26 17:44:47] ,1,75.219,472.084,-38.897,0.083,483.157,3.514,

[2025-02-26 17:44:56] ,2,38.31,399.057,92.064,82.007,453.762,-92.045,

[2025-02-26 17:45:05] ,3,31.833,441.898,-38.894,7.275,500.861,81.225,

[2025-02-26 17:45:16] ,1,19.723,407.757,9.8,-4.861,454.75,44.644,

[2025-02-26 17:45:25] ,2,75.878,405.187,-28.652,47.998,417.775,77.692,

[2025-02-26 17:45:36] ,2,39.233,449.477,56.449,35.542,489.155,-22.27,

[2025-02-26 17:45:44] ,1,68.694,458.968,-22.736,66.651,501.677,-0.516,

[2025-02-26 17:45:52] ,3,53.403,450.664,-66.652,24.864,471.887,-7.918,

[2025-02-26 17:46:02] ,3,14.752,509.191,-71.806,36.794,516.375,-9.964,

[2025-02-26 17:46:13] ,1,-6.97,408.482,-87.444,4.828,422.059,10.713,

[2025-02-26 17:46:22] ,1,19.592,452.114,62.312,-12.506,452.839,-39.289,

[2025-02-26 17:46:31] ,2,-10.199,425.684,154.341,61.839,478.412,32.005,

[2025-02-26 17:46:41] ,3,9.264,441.371,-48.46,-5.481,495.68,79.287,

[2025-02-26 17:46:51] ,1,86.028,428.255,-42.101,33.762,493.307,-59.381,

[2025-02-26 17:47:00] ,2,81.612,493.307,-58.325,11.221,500.293,-101.31,

[2025-02-26 17:47:11] ,1,-2.751,430.364,41.8,1.664,512.421,-2.556,

